2000

32.507551 74.679838 1

32.507962 74.680263 0

32.507936 74.680124 0

32.506891 74.680365 0

32.5068 74.680273 0

32.508025 74.67941 1

32.50696 74.679533 1

32.507435 74.679421 1

32.507325 74.679577 1

32.507696 74.67937 1

32.507048 74.679914 0

32.506902 74.679727 1

32.50799 74.679601 1

32.508633 74.680478 0

32.508772 74.679836 1

32.50841 74.679808 1

32.506971 74.679808 0

32.50802 74.679776 1

32.507727 74.679858 1

32.506674 74.679617 1

32.50839 74.680331 0

32.506419 74.68001 0

32.50738 74.679494 1

32.508183 74.679675 1

32.508665 74.680358 0

32.506591 74.680417 0

32.508533 74.679581 1

32.507137 74.680486 0

32.506963 74.680317 0

32.507504 74.680265 0

32.507209 74.679913 0

32.506786 74.679801 0

32.507189 74.679391 1

32.508271 74.679745 1

32.507873 74.679315 1

32.506974 74.679863 0

32.507939 74.679402 1

32.508395 74.679956 1

32.506916 74.680419 0

32.507441 74.679416 1

32.50812 74.679599 1

32.508058 74.679899 1

32.508418 74.679401 1

32.508334 74.680084 1

32.50679 74.679551 1

32.507264 74.679853 1

32.507052 74.679826 0

32.50642 74.679911 0

32.50711 74.680277 0

32.5065 74.68042 0

32.507247 74.679973 0

32.508061 74.679511 1

32.507129 74.680215 0

32.508251 74.679914 1

32.508792 74.680242 1

32.507155 74.679592 1

32.508649 74.679642 1

32.506674 74.679879 0

32.507715 74.679395 1

32.508496 74.679307 1

32.507446 74.679847 1

32.507909 74.679943 1

32.506661 74.679767 0

32.506924 74.679387 1

32.507686 74.680173 0

32.50782 74.680321 0

32.508174 74.680203 0

32.508522 74.680185 1

32.507279 74.679886 0

32.506759 74.680052 0

32.507588 74.679733 1

32.507156 74.679765 1

32.506661 74.679719 0

32.508178 74.680362 0

32.506433 74.680353 0

32.506973 74.680042 0

32.50694 74.679873 0

32.507697 74.679613 1

32.506896 74.679362 1

32.506548 74.680029 0

32.507413 74.680428 0

32.506919 74.679895 0

32.508391 74.679331 1

32.506517 74.67941 1

32.508674 74.679943 1

32.506567 74.679874 0

32.507785 74.679488 1

32.506776 74.679525 1

32.50852 74.680194 1

32.507586 74.679721 1

32.508654 74.679808 1

32.508608 74.679518 1

32.506408 74.67972 0

32.506874 74.680364 0

32.50846 74.679448 1

32.507195 74.680034 0

32.507602 74.679438 1

32.508281 74.679416 1

32.506615 74.679655 1

32.508721 74.679891 1

32.506668 74.679464 1

32.507422 74.679823 1

32.508292 74.680456 0

32.508323 74.679809 1

32.507392 74.680281 0

32.507324 74.680067 0

32.506882 74.679958 0

32.506564 74.679918 0

32.508452 74.680244 1

32.508466 74.680188 1

32.50721 74.679678 1

32.507718 74.679773 1

32.507495 74.679501 1

32.507758 74.679876 1

32.508801 74.680365 1

32.506495 74.680127 0

32.508577 74.680114 1

32.508792 74.680197 1

32.507744 74.680332 0

32.508716 74.679927 1

32.507868 74.679341 1

32.508599 74.679388 1

32.507995 74.679776 1

32.50874 74.680351 1

32.506688 74.680247 0

32.507226 74.680116 0

32.506943 74.679496 1

32.507901 74.680075 1

32.506772 74.679314 1

32.508379 74.680382 0

32.508588 74.67945 1

32.508715 74.680149 1

32.50728 74.679809 1

32.507486 74.679324 1

32.508409 74.680454 0

32.507854 74.6797 1

32.508374 74.680175 1

32.507157 74.680239 0

32.508098 74.680319 0

32.5076 74.680361 0

32.508393 74.679456 1

32.508444 74.679831 1

32.507678 74.679844 1

32.507126 74.679731 1

32.507531 74.679397 1

32.506741 74.679932 0

32.508508 74.680324 0

32.50775 74.679916 1

32.507066 74.680228 0

32.507362 74.679762 1

32.507175 74.680133 0

32.507264 74.679884 0

32.508585 74.67991 1

32.507511 74.679899 1

32.507303 74.679325 1

32.507261 74.680026 0

32.508402 74.680021 1

32.507678 74.679944 1

32.506777 74.679601 1

32.507314 74.680342 0

32.508604 74.679768 1

32.508775 74.679577 1

32.508181 74.679325 1

32.508189 74.680066 1

32.507714 74.679654 1

32.508612 74.679335 1

32.50655 74.679613 1

32.508348 74.679306 1

32.508825 74.679797 1

32.506853 74.680254 0

32.50673 74.679903 0

32.507639 74.680134 0

32.508842 74.680251 1

32.508396 74.679684 1

32.508767 74.679857 1

32.508461 74.680407 0

32.508266 74.679604 1

32.508212 74.680004 1

32.507773 74.679762 1

32.508846 74.67981 1

32.507995 74.679505 1

32.508836 74.679866 1

32.506705 74.679776 0

32.50844 74.680221 1

32.508148 74.67958 1

32.507764 74.680126 0

32.506451 74.679907 0

32.506974 74.679915 0

32.506494 74.680419 0

32.507302 74.680404 0

32.506931 74.679401 1

32.506523 74.680313 0

32.507832 74.679898 1

32.506682 74.67941 1

32.508201 74.680237 0

32.508406 74.680148 1

32.507739 74.68029 0

32.506952 74.680046 0

32.507305 74.679406 1

32.507854 74.67964 1

32.50849 74.680228 1

32.508548 74.680006 1

32.508176 74.680039 1

32.506462 74.680105 0

32.507171 74.679798 1

32.507381 74.679863 1

32.507256 74.6801 0

32.50763 74.680458 0

32.507628 74.679928 1

32.507993 74.680343 0

32.507414 74.680388 0

32.507436 74.679591 1

32.506545 74.679335 1

32.508502 74.680257 1

32.508764 74.680065 1

32.508364 74.680432 0

32.506929 74.679812 0

32.508144 74.68041 0

32.507472 74.680368 0

32.507757 74.679548 1

32.507107 74.680335 0

32.507654 74.679387 1

32.506995 74.679711 1

32.506436 74.680473 0

32.506549 74.679756 0

32.506988 74.679885 0

32.507485 74.67966 1

32.507777 74.680455 0

32.508097 74.680101 1

32.506741 74.6803 0

32.508581 74.680185 1

32.507823 74.679566 1

32.507801 74.679658 1

32.507671 74.679502 1

32.507157 74.680443 0

32.507718 74.679916 1

32.50732 74.67968 1

32.508677 74.679363 1

32.508069 74.68035 0

32.508096 74.680297 0

32.507751 74.680452 0

32.506792 74.679774 0

32.506604 74.679305 1

32.507121 74.680425 0

32.506511 74.679565 1

32.508823 74.679781 1

32.506649 74.680393 0

32.507721 74.679306 1

32.508085 74.679628 1

32.507529 74.680488 0

32.506632 74.680044 0

32.508326 74.680314 0

32.508631 74.680459 0

32.507855 74.680489 0

32.507411 74.679565 1

32.507844 74.680223 0

32.507085 74.679476 1

32.50755 74.679487 1

32.507896 74.680444 0

32.507155 74.68004 0

32.506556 74.679467 1

32.506644 74.679635 1

32.506811 74.680109 0

32.507336 74.680132 0

32.506923 74.679439 1

32.507031 74.680338 0

32.507417 74.679882 1

32.508589 74.679839 1

32.508381 74.679408 1

32.507435 74.679799 1

32.508002 74.680409 0

32.507326 74.679856 1

32.507898 74.679768 1

32.508478 74.68019 1

32.50645 74.680327 0

32.506989 74.680347 0

32.508893 74.67971 1

32.508828 74.679515 1

32.507189 74.680023 0

32.508178 74.680106 1

32.506689 74.680295 0

32.507666 74.679469 1

32.507131 74.679708 1

32.507505 74.679377 1

32.508661 74.680144 1

32.508872 74.680003 1

32.508819 74.679524 1

32.50711 74.679765 1

32.507888 74.67995 1

32.508591 74.680129 1

32.508751 74.679667 1

32.508323 74.680375 0

32.506836 74.680466 0

32.506529 74.680007 0

32.508615 74.679855 1

32.506466 74.679638 1

32.508132 74.680443 0

32.507228 74.679671 1

32.508021 74.679627 1

32.508284 74.680282 0

32.508597 74.679785 1

32.506843 74.68042 0

32.507981 74.680163 0

32.50757 74.680194 0

32.507792 74.679518 1

32.508085 74.680097 1

32.507954 74.679999 1

32.508204 74.679603 1

32.506774 74.679568 1

32.507408 74.679773 1

32.507626 74.679594 1

32.507641 74.679553 1

32.506856 74.679366 1

32.506644 74.679325 1

32.507019 74.679942 0

32.508706 74.679885 1

32.507289 74.679945 0

32.506823 74.679736 0

32.506567 74.679395 1

32.508209 74.67951 1

32.508534 74.680048 1

32.506922 74.68008 0

32.507356 74.680282 0

32.507386 74.679998 0

32.508516 74.679414 1

32.508777 74.680408 0

32.507734 74.67978 1

32.508754 74.679716 1

32.50799 74.680093 1

32.508282 74.679782 1

32.506772 74.680331 0

32.506486 74.679785 0

32.508148 74.680204 0

32.508502 74.680301 0

32.50764 74.67994 1

32.507225 74.680051 0

32.506605 74.679787 0

32.508763 74.680179 1

32.50775 74.68004 0

32.508423 74.680264 0

32.508578 74.680245 1

32.507453 74.680323 0

32.508024 74.680478 0

32.50887 74.680464 0

32.506836 74.680419 0

32.508141 74.680431 0

32.50641 74.680417 0

32.507698 74.679729 1

32.507044 74.679911 0

32.506586 74.680441 0

32.507237 74.679877 0

32.506558 74.680325 0

32.507148 74.679977 0

32.506818 74.679835 0

32.508143 74.679738 1

32.507272 74.680458 0

32.50727 74.680495 0

32.507595 74.679471 1

32.507499 74.680399 0

32.506935 74.679823 0

32.507591 74.67972 1

32.507131 74.679955 0

32.508697 74.680317 1

32.506731 74.680414 0

32.507706 74.679668 1

32.508889 74.679395 1

32.506434 74.679946 0

32.507445 74.679661 1

32.507352 74.679641 1

32.508659 74.680317 1

32.508314 74.6805 0

32.506861 74.680081 0

32.508064 74.679575 1

32.507901 74.680204 0

32.50677 74.679711 1

32.507451 74.680067 0

32.508301 74.68042 0

32.508138 74.679995 1

32.507503 74.679334 1

32.507327 74.679649 1

32.507385 74.680204 0

32.507896 74.67943 1

32.506971 74.67944 1

32.508513 74.679769 1

32.507386 74.680303 0

32.507543 74.679813 1

32.507526 74.679672 1

32.507548 74.680328 0

32.508649 74.679985 1

32.506874 74.67948 1

32.507788 74.679792 1

32.506494 74.679677 0

32.507274 74.67942 1

32.507376 74.680214 0

32.508569 74.679304 1

32.507864 74.680104 0

32.507336 74.679985 0

32.507374 74.679867 1

32.507661 74.680194 0

32.507254 74.680203 0

32.508427 74.679707 1

32.508214 74.680125 1

32.506494 74.679812 0

32.508471 74.679616 1

32.506518 74.679801 0

32.507252 74.680291 0

32.506528 74.679434 1

32.507345 74.679555 1

32.50674 74.679796 0

32.507854 74.67971 1

32.507287 74.6798 1

32.508414 74.679728 1

32.508014 74.6799 1

32.507578 74.680278 0

32.508799 74.680368 1

32.506985 74.680271 0

32.508421 74.679539 1

32.507207 74.679933 0

32.507314 74.680142 0

32.508186 74.679677 1

32.508669 74.68035 0

32.508758 74.680127 1

32.508405 74.679478 1

32.507902 74.679904 1

32.508748 74.6796 1

32.508281 74.680347 0

32.508719 74.679315 1

32.508822 74.679464 1

32.50747 74.679535 1

32.506695 74.679714 0

32.506793 74.679799 0

32.507445 74.680312 0

32.508272 74.679971 1

32.508873 74.680398 1

32.507601 74.680295 0

32.506771 74.679886 0

32.508021 74.680208 0

32.50832 74.679498 1

32.507656 74.679759 1

32.508179 74.679636 1

32.507175 74.680339 0

32.508856 74.679317 1

32.508106 74.67993 1

32.506479 74.680115 0

32.507114 74.679779 1

32.508401 74.679477 1

32.506928 74.679665 1

32.507275 74.679467 1

32.507205 74.680026 0

32.508781 74.679389 1

32.507263 74.680339 0

32.507586 74.679945 1

32.507027 74.680203 0

32.507037 74.680457 0

32.507742 74.680009 1

32.507489 74.680057 0

32.506653 74.679521 1

32.507989 74.680335 0

32.506488 74.679622 1

32.508364 74.679465 1

32.507608 74.679972 1

32.508461 74.679667 1

32.508105 74.679452 1

32.508828 74.680421 0

32.507987 74.679722 1

32.507808 74.679312 1

32.507541 74.680424 0

32.507966 74.679903 1

32.508403 74.679541 1

32.507249 74.680017 0

32.507492 74.679565 1

32.506785 74.679302 1

32.50756 74.679654 1

32.507141 74.679785 1

32.508598 74.679637 1

32.508086 74.679902 1

32.50765 74.679589 1

32.506844 74.679728 1

32.50724 74.680421 0

32.508864 74.680362 1

32.50886 74.679942 1

32.507653 74.679545 1

32.506462 74.679689 0

32.506954 74.679666 1

32.507005 74.680009 0

32.508245 74.679685 1

32.507784 74.679967 1

32.506991 74.679371 1

32.508581 74.680325 0

32.508851 74.679388 1

32.506839 74.680028 0

32.508495 74.680027 1

32.506802 74.679477 1

32.508491 74.679668 1

32.507693 74.679993 1

32.508444 74.679404 1

32.506466 74.679372 1

32.507529 74.679962 1

32.50812 74.679982 1

32.508845 74.679308 1

32.508251 74.68003 1

32.506975 74.679939 0

32.508706 74.680223 1

32.506452 74.680289 0

32.506806 74.679527 1

32.507843 74.68004 1

32.506622 74.67969 0

32.508335 74.680496 0

32.508133 74.679626 1

32.508695 74.680016 1

32.508413 74.680399 0

32.506703 74.679639 1

32.507166 74.680327 0

32.50784 74.67938 1

32.508865 74.679801 1

32.508832 74.679581 1

32.506571 74.680333 0

32.507311 74.680137 0

32.506589 74.680019 0

32.508478 74.680299 0

32.508599 74.679487 1

32.507907 74.68007 1

32.507777 74.679717 1

32.508693 74.679481 1

32.507595 74.680401 0

32.50883 74.679572 1

32.507257 74.679961 0

32.508152 74.680446 0

32.508361 74.679998 1

32.507899 74.680109 0

32.507801 74.679955 1

32.506982 74.680033 0

32.508384 74.679343 1

32.507628 74.68021 0

32.506562 74.680047 0

32.508065 74.680365 0

32.506688 74.679788 0

32.507151 74.680047 0

32.506571 74.680118 0

32.508462 74.680415 0

32.507648 74.67946 1

32.506715 74.679688 1

32.507337 74.679675 1

32.507922 74.679312 1

32.508668 74.679474 1

32.506673 74.679504 1

32.50783 74.679396 1

32.508059 74.679703 1

32.508393 74.680138 1

32.507182 74.680209 0

32.50646 74.679679 0

32.508749 74.680391 0

32.508834 74.680025 1

32.508113 74.679976 1

32.508194 74.679454 1

32.50833 74.680384 0

32.507659 74.680111 0

32.507127 74.680003 0

32.506877 74.679416 1

32.506503 74.680468 0

32.508693 74.679311 1

32.508877 74.680458 0

32.508144 74.680349 0

32.508898 74.680133 1

32.507222 74.680474 0

32.506589 74.680175 0

32.506711 74.680404 0

32.507465 74.680399 0

32.508648 74.679597 1

32.507311 74.679412 1

32.507384 74.679572 1

32.508157 74.680053 1

32.507705 74.679608 1

32.506966 74.679991 0

32.506986 74.680415 0

32.507084 74.679413 1

32.508569 74.679596 1

32.507216 74.679708 1

32.507756 74.67944 1

32.507548 74.679631 1

32.506982 74.679305 1

32.508397 74.680447 0

32.507666 74.680325 0

32.508737 74.68006 1

32.508259 74.680442 0

32.50673 74.679791 0

32.508558 74.679835 1

32.507141 74.679945 0

32.508168 74.680107 1

32.507795 74.679487 1

32.507793 74.679787 1

32.508071 74.680397 0

32.507069 74.680191 0

32.506993 74.680381 0

32.507244 74.680058 0

32.507177 74.679869 0

32.508568 74.679386 1

32.507707 74.679673 1

32.506602 74.680286 0

32.507952 74.679328 1

32.507235 74.679429 1

32.508085 74.680057 1

32.50861 74.679886 1

32.507462 74.68042 0

32.508856 74.6798 1

32.508554 74.680364 0

32.508792 74.67988 1

32.507166 74.68002 0

32.507078 74.680493 0

32.507544 74.680278 0

32.506934 74.679369 1

32.507415 74.679949 0

32.507928 74.680354 0

32.507902 74.679627 1

32.50799 74.679841 1

32.50751 74.679351 1

32.507133 74.679368 1

32.508167 74.680047 1

32.507699 74.680087 0

32.507248 74.679896 0

32.508489 74.680338 0

32.508323 74.679306 1

32.508785 74.679725 1

32.508002 74.680037 1

32.508311 74.680384 0

32.508027 74.679465 1

32.508653 74.680328 1

32.508323 74.680045 1

32.507146 74.68008 0

32.508287 74.679397 1

32.507101 74.680181 0

32.5069 74.680101 0

32.507727 74.680087 0

32.50716 74.680127 0

32.508361 74.680275 0

32.506685 74.679551 1

32.507422 74.680276 0

32.507297 74.680036 0

32.507641 74.679774 1

32.507117 74.679942 0

32.508673 74.679474 1

32.506915 74.679577 1

32.507983 74.679602 1

32.50872 74.679498 1

32.507811 74.679513 1

32.506623 74.679735 0

32.508311 74.679434 1

32.507411 74.680477 0

32.50884 74.679877 1

32.507114 74.679625 1

32.50819 74.679552 1

32.508894 74.680117 1

32.50761 74.679489 1

32.506995 74.679812 0

32.506946 74.680069 0

32.508732 74.680015 1

32.50796 74.679647 1

32.507192 74.680157 0

32.506474 74.679843 0

32.507834 74.679375 1

32.507464 74.679588 1

32.506733 74.679373 1

32.50796 74.679769 1

32.508121 74.679554 1

32.50702 74.67938 1

32.508755 74.67978 1

32.508423 74.679933 1

32.506748 74.680383 0

32.507404 74.680389 0

32.508054 74.679607 1

32.507958 74.680358 0

32.508327 74.679966 1

32.50655 74.680235 0

32.508293 74.679465 1

32.507992 74.68042 0

32.5076 74.679363 1

32.508026 74.679442 1

32.507744 74.679983 1

32.507897 74.679574 1

32.507997 74.67952 1

32.507578 74.67962 1

32.506538 74.679962 0

32.507054 74.679966 0

32.508302 74.679979 1

32.506991 74.679743 1

32.507742 74.679847 1

32.506689 74.679969 0

32.50786 74.680082 0

32.507094 74.680285 0

32.508499 74.680166 1

32.508234 74.680119 1

32.507005 74.679865 0

32.508298 74.679676 1

32.506419 74.679835 0

32.506983 74.679783 1

32.506937 74.679701 1

32.508885 74.680149 1

32.507094 74.679911 0

32.508053 74.680194 0

32.507677 74.679921 1

32.508895 74.679524 1

32.507983 74.679376 1

32.50666 74.67995 0

32.508743 74.680301 1

32.508552 74.679743 1

32.508497 74.679446 1

32.507076 74.680489 0

32.506618 74.679443 1

32.508183 74.680489 0

32.508125 74.679819 1

32.508163 74.679586 1

32.508592 74.6799 1

32.507909 74.67998 1

32.508752 74.680177 1

32.508145 74.679798 1

32.507541 74.68021 0

32.508392 74.679419 1

32.507648 74.68004 0

32.507248 74.679429 1

32.506434 74.67956 1

32.508699 74.680124 1

32.507541 74.679465 1

32.507054 74.680283 0

32.508486 74.679588 1

32.507932 74.680203 0

32.508189 74.680227 0

32.507935 74.680273 0

32.507942 74.679628 1

32.507206 74.680239 0

32.506741 74.679317 1

32.508244 74.67991 1

32.506777 74.680358 0

32.507976 74.680014 1

32.508016 74.680171 0

32.50772 74.679772 1

32.508303 74.679859 1

32.508315 74.679737 1

32.506473 74.679454 1

32.506579 74.679573 1

32.507325 74.680025 0

32.507899 74.680295 0

32.506873 74.679818 0

32.507387 74.679968 0

32.508185 74.68047 0

32.508306 74.680194 1

32.507319 74.679957 0

32.507238 74.680437 0

32.507038 74.679451 1

32.507763 74.679761 1

32.508226 74.679941 1

32.508 74.680137 0

32.506778 74.679706 1

32.507901 74.679332 1

32.507014 74.680397 0

32.508768 74.680224 1

32.506996 74.679501 1

32.508602 74.679902 1

32.508393 74.679777 1

32.506438 74.679886 0

32.50727 74.679335 1

32.50868 74.679608 1

32.508359 74.68043 0

32.506561 74.679406 1

32.508651 74.680195 1

32.508398 74.67991 1

32.507891 74.679457 1

32.508892 74.679674 1

32.508267 74.679582 1

32.507948 74.679866 1

32.508426 74.679621 1

32.506425 74.67998 0

32.507715 74.679604 1

32.508381 74.680049 1

32.508746 74.680453 0

32.508092 74.679619 1

32.508625 74.679386 1

32.508077 74.679774 1

32.508411 74.680473 0

32.506855 74.680371 0

32.506951 74.679655 1

32.507609 74.679864 1

32.506944 74.680371 0

32.507611 74.680003 0

32.508344 74.679787 1

32.506462 74.680224 0

32.508082 74.67989 1

32.508049 74.67983 1

32.507589 74.679723 1

32.507832 74.680223 0

32.507165 74.680103 0

32.507834 74.67993 1

32.507611 74.680413 0

32.507511 74.67951 1

32.507806 74.679327 1

32.508141 74.67941 1

32.507486 74.680232 0

32.508312 74.679602 1

32.506534 74.679758 0

32.508493 74.679744 1

32.508313 74.680091 1

32.508304 74.680439 0

32.5068 74.680491 0

32.506688 74.679755 0

32.508296 74.679567 1

32.507946 74.680055 1

32.508746 74.67949 1

32.508637 74.680496 0

32.507732 74.679734 1

32.507778 74.680053 0

32.506456 74.679822 0

32.506801 74.680239 0

32.506656 74.67965 1

32.508193 74.680092 1

32.507716 74.679972 1

32.508008 74.679741 1

32.508801 74.679641 1

32.506546 74.680276 0

32.507317 74.679876 1

32.508334 74.679905 1

32.507303 74.68006 0

32.508551 74.679758 1

32.508229 74.68 1

32.506691 74.679793 0

32.506963 74.679306 1

32.50881 74.67957 1

32.50826 74.679554 1

32.507034 74.680479 0

32.507603 74.680483 0

32.507669 74.679992 1

32.507112 74.67962 1

32.508413 74.679643 1

32.507774 74.680271 0

32.508825 74.679302 1

32.508884 74.679609 1

32.507526 74.680105 0

32.508682 74.679764 1

32.506812 74.680185 0

32.507182 74.679702 1

32.507363 74.679573 1

32.50685 74.67971 1

32.508746 74.679743 1

32.508185 74.679328 1

32.507175 74.680431 0

32.508394 74.680173 1

32.507415 74.680241 0

32.508136 74.679907 1

32.507872 74.679361 1

32.508537 74.680414 0

32.507316 74.68032 0

32.508084 74.680393 0

32.506735 74.67992 0

32.507081 74.680024 0

32.508684 74.68009 1

32.507634 74.679764 1

32.507684 74.679798 1

32.508559 74.680488 0

32.508792 74.680134 1

32.508384 74.679749 1

32.506598 74.679512 1

32.508813 74.680127 1

32.508351 74.680158 1

32.507666 74.680143 0

32.507768 74.679431 1

32.507716 74.680488 0

32.508126 74.680373 0

32.507738 74.679461 1

32.507133 74.680126 0

32.50876 74.679491 1

32.50676 74.679786 0

32.506923 74.679373 1

32.508166 74.680381 0

32.507773 74.679387 1

32.508275 74.680028 1

32.508006 74.679319 1

32.508586 74.680401 0

32.506531 74.680114 0

32.508172 74.67993 1

32.50691 74.680131 0

32.507325 74.679879 1

32.50792 74.679346 1

32.508246 74.67968 1

32.507843 74.679306 1

32.507559 74.680187 0

32.507736 74.679371 1

32.507168 74.680176 0

32.508451 74.679389 1

32.508899 74.680412 1

32.508007 74.679741 1

32.507802 74.680466 0

32.508154 74.680106 1

32.50792 74.680344 0

32.508731 74.680001 1

32.50781 74.679687 1

32.507594 74.679738 1

32.506651 74.680441 0

32.50681 74.680329 0

32.506736 74.679415 1

32.508747 74.680421 0

32.508231 74.680439 0

32.506499 74.679847 0

32.506565 74.679986 0

32.506753 74.679738 0

32.507958 74.680308 0

32.506672 74.680433 0

32.508202 74.679976 1

32.507064 74.679809 1

32.507997 74.679462 1

32.506774 74.680146 0

32.507182 74.679495 1

32.508066 74.679993 1

32.507128 74.68016 0

32.508898 74.679716 1

32.507116 74.679433 1

32.508745 74.680366 0

32.508452 74.679964 1

32.506589 74.679345 1

32.507105 74.680428 0

32.508841 74.679616 1

32.508573 74.679823 1

32.507709 74.679859 1

32.506432 74.679611 1

32.506802 74.679755 0

32.507161 74.679404 1

32.507797 74.680373 0

32.507019 74.679881 0

32.508445 74.680447 0

32.506563 74.679763 0

32.508853 74.679397 1

32.506764 74.679826 0

32.507489 74.679592 1

32.506616 74.67938 1

32.506804 74.680389 0

32.508419 74.680115 1

32.506929 74.680055 0

32.508146 74.679905 1

32.508645 74.679967 1

32.507891 74.68005 1

32.506724 74.67957 1

32.506767 74.679681 1

32.508148 74.679409 1

32.506861 74.680024 0

32.507988 74.68046 0

32.508451 74.679695 1

32.507728 74.680404 0

32.506458 74.679931 0

32.507624 74.680124 0

32.508213 74.679951 1

32.507785 74.680472 0

32.508697 74.679715 1

32.508598 74.679944 1

32.508863 74.679635 1

32.507176 74.679872 0

32.507894 74.680081 1

32.50654 74.679942 0

32.506958 74.680205 0

32.507698 74.679617 1

32.508781 74.680151 1

32.508805 74.680357 1

32.50881 74.679768 1

32.508867 74.680212 1

32.507043 74.679786 1

32.508062 74.680154 0

32.507912 74.67931 1

32.506595 74.68038 0

32.506704 74.679758 0

32.508309 74.680358 0

32.506609 74.680445 0

32.508167 74.67932 1

32.507744 74.67967 1

32.508142 74.679775 1

32.5084 74.680285 0

32.507033 74.680277 0

32.507356 74.679573 1

32.507548 74.680167 0

32.508021 74.679963 1

32.508898 74.679674 1

32.508537 74.68018 1

32.508759 74.679588 1

32.506774 74.679887 0

32.50731 74.68048 0

32.508284 74.679743 1

32.506643 74.67938 1

32.508651 74.680425 0

32.508692 74.680251 1

32.508788 74.679656 1

32.506872 74.680222 0

32.508793 74.680158 1

32.507793 74.680022 1

32.508695 74.679385 1

32.507561 74.680434 0

32.506612 74.679327 1

32.508204 74.680405 0

32.508615 74.679577 1

32.507783 74.679426 1

32.507963 74.679452 1

32.506468 74.680379 0

32.50687 74.679927 0

32.508371 74.679888 1

32.507864 74.679587 1

32.507856 74.680044 1

32.508539 74.679328 1

32.508556 74.679595 1

32.508586 74.680376 0

32.507757 74.680152 0

32.50707 74.679743 1

32.507143 74.679551 1

32.50882 74.679802 1

32.507046 74.679987 0

32.508099 74.680273 0

32.507323 74.680006 0

32.508127 74.680237 0

32.50709 74.679748 1

32.508533 74.679888 1

32.508174 74.679892 1

32.50715 74.680327 0

32.506534 74.680064 0

32.507185 74.680301 0

32.50736 74.680004 0

32.506803 74.679617 1

32.506498 74.680373 0

32.507137 74.679362 1

32.507608 74.679388 1

32.507283 74.679694 1

32.506559 74.679468 1

32.507834 74.680233 0

32.507037 74.680196 0

32.508707 74.679857 1

32.506946 74.679542 1

32.508457 74.679693 1

32.506797 74.680053 0

32.50688 74.680389 0

32.508413 74.680069 1

32.507193 74.679338 1

32.507483 74.679445 1

32.508795 74.679734 1

32.507537 74.679393 1

32.507213 74.680385 0

32.507342 74.679524 1

32.50697 74.680114 0

32.506767 74.680366 0

32.508415 74.679823 1

32.50818 74.679882 1

32.50711 74.680493 0

32.506625 74.680149 0

32.508513 74.679999 1

32.50753 74.679965 1

32.508655 74.680239 1

32.508602 74.679878 1

32.507024 74.679929 0

32.507002 74.679653 1

32.508766 74.679496 1

32.506869 74.679808 0

32.506871 74.679978 0

32.508589 74.679875 1

32.507907 74.680032 1

32.507261 74.679992 0

32.507703 74.680407 0

32.506965 74.680434 0

32.506884 74.679844 0

32.508353 74.680258 0

32.506824 74.6795 1

32.508565 74.679991 1

32.508271 74.680076 1

32.506903 74.680119 0

32.506471 74.679979 0

32.506998 74.680425 0

32.507495 74.680028 0

32.508277 74.679443 1

32.506642 74.67933 1

32.507775 74.679635 1

32.507739 74.680375 0

32.508029 74.679868 1

32.507079 74.67951 1

32.506463 74.680128 0

32.507772 74.680491 0

32.507512 74.679553 1

32.508852 74.679629 1

32.507207 74.679624 1

32.506436 74.67987 0

32.506755 74.680106 0

32.508631 74.679432 1

32.508019 74.679334 1

32.506438 74.679754 0

32.507146 74.679491 1

32.507037 74.679429 1

32.508434 74.679904 1

32.50835 74.680327 0

32.506745 74.679616 1

32.507715 74.679344 1

32.50818 74.680442 0

32.507797 74.679657 1

32.506832 74.679471 1

32.506671 74.680239 0

32.507556 74.679881 1

32.508537 74.679446 1

32.507113 74.679855 0

32.506872 74.679741 1

32.50844 74.679848 1

32.508429 74.679766 1

32.506911 74.680182 0

32.50807 74.680056 1

32.508265 74.680051 1

32.508044 74.679873 1

32.508003 74.680033 1

32.507803 74.679686 1

32.507833 74.679687 1

32.508356 74.680065 1

32.506435 74.68013 0

32.507589 74.679701 1

32.507831 74.679387 1

32.506439 74.68028 0

32.507008 74.680439 0

32.506463 74.680357 0

32.507858 74.680078 0

32.508207 74.679968 1

32.50676 74.680323 0

32.50717 74.68045 0

32.506813 74.679627 1

32.506983 74.680173 0

32.507363 74.680408 0

32.507346 74.680042 0

32.508034 74.679692 1

32.508268 74.679575 1

32.506698 74.679397 1

32.506786 74.679414 1

32.508317 74.679642 1

32.508093 74.679596 1

32.508507 74.680492 0

32.508181 74.680266 0

32.508432 74.679324 1

32.507383 74.679503 1

32.50698 74.68033 0

32.507004 74.679586 1

32.508196 74.679807 1

32.508897 74.679745 1

32.507026 74.680079 0

32.507073 74.680117 0

32.506637 74.680237 0

32.507999 74.679916 1

32.506817 74.680193 0

32.508429 74.680239 1

32.506979 74.679682 1

32.508525 74.680313 0

32.508543 74.680132 1

32.507815 74.679951 1

32.507214 74.679938 0

32.507432 74.679754 1

32.508799 74.67946 1

32.506872 74.680223 0

32.508271 74.679381 1

32.507367 74.679652 1

32.508275 74.679837 1

32.507097 74.679781 1

32.506411 74.679851 0

32.507203 74.680042 0

32.508494 74.680107 1

32.506522 74.679434 1

32.507698 74.679554 1

32.508711 74.680392 0

32.508091 74.680294 0

32.507817 74.679979 1

32.508051 74.679864 1

32.506893 74.680352 0

32.50669 74.679663 1

32.508675 74.6804 0

32.50826 74.679494 1

32.506808 74.680491 0

32.508152 74.680161 1

32.506785 74.680108 0

32.506448 74.679947 0

32.50721 74.67954 1

32.507051 74.679506 1

32.506682 74.679419 1

32.507033 74.680105 0

32.507438 74.680459 0

32.508423 74.679311 1

32.50673 74.679404 1

32.506619 74.679699 0

32.50711 74.679681 1

32.508787 74.679855 1

32.508825 74.680487 0

32.508501 74.679432 1

32.508146 74.680143 1

32.508893 74.67949 1

32.507651 74.680239 0

32.508865 74.680356 1

32.507295 74.67973 1

32.506444 74.679456 1

32.508628 74.680044 1

32.507683 74.680108 0

32.508444 74.679659 1

32.508194 74.68014 1

32.507556 74.680049 0

32.508041 74.67961 1

32.507103 74.679681 1

32.506576 74.680073 0

32.508694 74.679351 1

32.508451 74.679769 1

32.507442 74.679876 1

32.507165 74.679834 1

32.507426 74.679585 1

32.506644 74.679678 0

32.506874 74.680062 0

32.506532 74.68001 0

32.506823 74.679801 0

32.506612 74.67998 0

32.508019 74.679744 1

32.507799 74.679961 1

32.508878 74.680323 1

32.50691 74.680179 0

32.50855 74.679534 1

32.508261 74.679886 1

32.508062 74.679881 1

32.508444 74.679834 1

32.507289 74.680153 0

32.507094 74.679985 0

32.508891 74.679709 1

32.5067 74.680255 0

32.508247 74.680364 0

32.506826 74.680084 0

32.507844 74.679429 1

32.507273 74.679833 1

32.507333 74.679664 1

32.507025 74.680299 0

32.507592 74.679496 1

32.50754 74.679544 1

32.507131 74.679782 1

32.506507 74.680403 0

32.506819 74.679635 1

32.508566 74.679984 1

32.508309 74.679471 1

32.507631 74.679838 1

32.508051 74.679751 1

32.507698 74.679549 1

32.5076 74.680059 0

32.507418 74.680106 0

32.506508 74.679955 0

32.507951 74.679469 1

32.506875 74.679521 1

32.508877 74.679345 1

32.506773 74.680385 0

32.508268 74.679321 1

32.508179 74.68034 0

32.508457 74.679643 1

32.508374 74.680183 1

32.508815 74.679369 1

32.50712 74.680066 0

32.508197 74.679794 1

32.506516 74.679482 1

32.506921 74.679308 1

32.507483 74.68044 0

32.507543 74.679651 1

32.506512 74.679757 0

32.507262 74.679468 1

32.506721 74.679797 0

32.507309 74.680244 0

32.508002 74.680166 0

32.507984 74.67942 1

32.507357 74.680429 0

32.507007 74.679326 1

32.507488 74.67976 1

32.508753 74.680423 0

32.506453 74.679489 1

32.507051 74.679542 1

32.507525 74.679388 1

32.506463 74.680223 0

32.506735 74.680446 0

32.506699 74.680152 0

32.507393 74.679556 1

32.508049 74.680142 0

32.508219 74.680392 0

32.508403 74.680018 1

32.507617 74.679925 1

32.507805 74.680413 0

32.508359 74.679734 1

32.506531 74.680057 0

32.506843 74.67966 1

32.508687 74.679405 1

32.508174 74.679311 1

32.506791 74.679412 1

32.507242 74.67966 1

32.50784 74.680257 0

32.506428 74.680164 0

32.506864 74.679349 1

32.507814 74.679621 1

32.507909 74.68039 0

32.506711 74.679763 0

32.508808 74.679913 1

32.507158 74.680067 0

32.507755 74.680343 0

32.50844 74.679448 1

32.508854 74.680252 1

32.506538 74.679405 1

32.508196 74.679917 1

32.506872 74.67979 0

32.507827 74.679982 1

32.508261 74.679983 1

32.50832 74.680062 1

32.508306 74.680188 1

32.507537 74.679508 1

32.507603 74.679701 1

32.508821 74.67983 1

32.507082 74.680194 0

32.507721 74.680069 0

32.506952 74.680018 0

32.507793 74.680055 0

32.508836 74.679601 1

32.506541 74.680174 0

32.508292 74.680273 0

32.507053 74.679613 1

32.507575 74.679918 1

32.50785 74.679933 1

32.507579 74.679412 1

32.508871 74.679603 1

32.508113 74.679542 1

32.506694 74.680053 0

32.507994 74.680244 0

32.506749 74.679448 1

32.50766 74.679497 1

32.507783 74.680348 0

32.506412 74.679843 0

32.508456 74.679708 1

32.506501 74.680411 0

32.506478 74.680145 0

32.507073 74.680296 0

32.507851 74.680403 0

32.508734 74.680019 1

32.507141 74.679369 1

32.507559 74.680267 0

32.506756 74.679933 0

32.507735 74.679892 1

32.507863 74.679678 1

32.508568 74.679701 1

32.50748 74.680401 0

32.508057 74.679545 1

32.507113 74.680099 0

32.507707 74.680497 0

32.507893 74.679503 1

32.508847 74.679907 1

32.508496 74.679663 1

32.5078 74.679584 1

32.506652 74.680446 0

32.508389 74.679495 1

32.506934 74.680438 0

32.507246 74.679484 1

32.507386 74.680234 0

32.507626 74.68034 0

32.506842 74.680307 0

32.506502 74.680346 0

32.508307 74.679346 1

32.50726 74.680247 0

32.50792 74.679362 1

32.507121 74.680353 0

32.50706 74.680074 0

32.507308 74.679495 1

32.507823 74.679329 1

32.506796 74.679497 1

32.507655 74.680487 0

32.506999 74.679652 1

32.506953 74.680074 0

32.508464 74.679313 1

32.506611 74.680243 0

32.507409 74.68001 0

32.508197 74.679571 1

32.508253 74.679777 1

32.507827 74.680217 0

32.507451 74.680473 0

32.506442 74.679895 0

32.507516 74.679307 1

32.507413 74.6801 0

32.507023 74.679625 1

32.508744 74.680097 1

32.508778 74.679808 1

32.506898 74.679875 0

32.50666 74.679785 0

32.5083 74.679597 1

32.507375 74.679641 1

32.508431 74.680057 1

32.508148 74.680255 0

32.507171 74.67963 1

32.508154 74.679452 1

32.506523 74.680451 0

32.507249 74.679544 1

32.508328 74.679816 1

32.506953 74.680278 0

32.507548 74.679326 1

32.508321 74.680489 0

32.50872 74.679488 1

32.508599 74.680414 0

32.508283 74.67998 1

32.506575 74.680244 0

32.50736 74.679681 1

32.506698 74.679558 1

32.507451 74.680164 0

32.507214 74.680392 0

32.508503 74.680263 1

32.507275 74.680041 0

32.507108 74.679639 1

32.507131 74.680377 0

32.50806 74.6793 1

32.50712 74.680411 0

32.506866 74.680443 0

32.508345 74.679874 1

32.508879 74.679764 1

32.507909 74.679819 1

32.506513 74.679713 0

32.508792 74.679705 1

32.50851 74.679998 1

32.508309 74.680107 1

32.508861 74.679398 1

32.508864 74.679395 1

32.507596 74.680444 0

32.508329 74.679467 1

32.507316 74.680488 0

32.508703 74.679374 1

32.508838 74.679523 1

32.506838 74.680365 0

32.507498 74.679576 1

32.506899 74.679559 1

32.507801 74.67995 1

32.506703 74.680291 0

32.507626 74.680279 0

32.507751 74.680376 0

32.508848 74.679669 1

32.506985 74.680322 0

32.507144 74.68038 0

32.508882 74.680158 1

32.508371 74.679942 1

32.507839 74.679756 1

32.507315 74.680006 0

32.50885 74.680071 1

32.508619 74.680271 1

32.506944 74.680111 0

32.508797 74.679941 1

32.506531 74.679937 0

32.507179 74.679824 1

32.50703 74.679372 1

32.5077 74.680128 0

32.507426 74.679632 1

32.508055 74.679747 1

32.507376 74.679724 1

32.506578 74.6794 1

32.507222 74.679681 1

32.507276 74.680386 0

32.507612 74.680355 0

32.507047 74.679849 0

32.508274 74.67932 1

32.50707 74.679412 1

32.506967 74.680471 0

32.508463 74.680496 0

32.507656 74.679425 1

32.506451 74.679509 1

32.507049 74.679644 1

32.50842 74.679774 1

32.508863 74.679359 1

32.508427 74.680067 1

32.507319 74.68023 0

32.508644 74.679365 1

32.507648 74.679732 1

32.507904 74.68021 0

32.508718 74.679368 1

32.507743 74.680393 0

32.508299 74.680226 0

32.50829 74.68004 1

32.5065 74.679491 1

32.507524 74.679303 1

32.508515 74.67934 1

32.507058 74.680198 0

32.507205 74.679926 0

32.507375 74.680336 0

32.507781 74.679517 1

32.508679 74.679802 1

32.50797 74.680361 0

32.506453 74.679499 1

32.508082 74.680314 0

32.50826 74.679914 1

32.508311 74.680356 0

32.508468 74.679685 1

32.508072 74.68045 0

32.507805 74.679432 1

32.50729 74.680409 0

32.507068 74.679491 1

32.507547 74.679528 1

32.506608 74.680278 0

32.508118 74.679423 1

32.508411 74.68043 0

32.506664 74.679948 0

32.50656 74.679557 1

32.507643 74.679736 1

32.508723 74.680257 1

32.507687 74.67945 1

32.506756 74.679728 0

32.508819 74.680113 1

32.508474 74.679456 1

32.508031 74.679331 1

32.508121 74.680063 1

32.508334 74.68016 1

32.507841 74.680195 0

32.50729 74.679356 1

32.506794 74.679874 0

32.506671 74.679447 1

32.508157 74.679859 1

32.506758 74.680328 0

32.507399 74.679463 1

32.508329 74.679697 1

32.508238 74.680468 0

32.508086 74.680301 0

32.507246 74.679863 1

32.507075 74.679908 0

32.507645 74.680086 0

32.508564 74.680032 1

32.507915 74.679383 1

32.508342 74.680334 0

32.50805 74.679599 1

32.506625 74.679533 1

32.506523 74.680138 0

32.507221 74.679866 0

32.506742 74.679322 1

32.507335 74.679395 1

32.508457 74.679555 1

32.506696 74.680237 0

32.506777 74.680118 0

32.50751 74.680141 0

32.507864 74.680372 0

32.506843 74.679693 1

32.507971 74.680266 0

32.507002 74.68039 0

32.5065 74.680337 0

32.507973 74.679326 1

32.506417 74.679497 1

32.506585 74.679749 0

32.508635 74.680442 0

32.506572 74.680003 0

32.507095 74.679569 1

32.508483 74.679886 1

32.508664 74.680408 0

32.50845 74.679633 1

32.50697 74.680061 0

32.508101 74.679824 1

32.50774 74.679783 1

32.507852 74.679593 1

32.507347 74.679758 1

32.507696 74.679847 1

32.508718 74.679445 1

32.507896 74.680112 0

32.50782 74.680351 0

32.508211 74.679345 1

32.507817 74.680088 0

32.507508 74.680343 0

32.508819 74.680194 1

32.507126 74.679902 0

32.507302 74.680458 0

32.508434 74.679907 1

32.506545 74.679383 1

32.508593 74.680161 1

32.507631 74.680107 0

32.506849 74.679904 0

32.507781 74.679666 1

32.508435 74.679342 1

32.507357 74.680335 0

32.508758 74.679713 1

32.507668 74.680273 0

32.507743 74.679499 1

32.506605 74.680159 0

32.508695 74.679978 1

32.507478 74.679609 1

32.508443 74.680066 1

32.506781 74.680427 0

32.506874 74.679751 0

32.508188 74.680351 0

32.506914 74.680354 0

32.508006 74.680497 0

32.508202 74.679389 1

32.508755 74.679899 1

32.508438 74.679694 1

32.507546 74.67968 1

32.507322 74.680105 0

32.508361 74.679842 1

32.506548 74.679507 1

32.508335 74.680463 0

32.507488 74.679665 1

32.507331 74.679629 1

32.508808 74.680258 1

32.508829 74.680078 1

32.50712 74.679497 1

32.508184 74.680035 1

32.508217 74.68039 0

32.507421 74.680078 0

32.507119 74.680167 0

32.50798 74.68027 0

32.506479 74.680418 0

32.506542 74.680363 0

32.508295 74.679527 1

32.506658 74.679932 0

32.508762 74.679312 1

32.506762 74.679541 1

32.50702 74.679523 1

32.506429 74.680143 0

32.507768 74.680301 0

32.506924 74.680176 0

32.507507 74.680196 0

32.507889 74.680248 0

32.506801 74.679775 0

32.508742 74.679405 1

32.508285 74.679724 1

32.506405 74.679557 1

32.508787 74.680296 1

32.506726 74.679959 0

32.508469 74.680415 0

32.508086 74.680112 1

32.507731 74.6796 1

32.50774 74.679446 1

32.50694 74.679364 1

32.508627 74.679997 1

32.506495 74.679614 1

32.507833 74.680145 0

32.507234 74.679328 1

32.507207 74.679804 1

32.507143 74.679954 0

32.508735 74.680391 0

32.50878 74.679727 1

32.507988 74.680413 0

32.508591 74.679903 1

32.506623 74.67972 0

32.508797 74.679403 1

32.508778 74.679802 1

32.506853 74.679603 1

32.508615 74.680143 1

32.506488 74.680283 0

32.508615 74.680427 0

32.50867 74.679881 1

32.508148 74.680346 0

32.506905 74.679751 1

32.508241 74.679466 1

32.50646 74.67974 0

32.506527 74.680485 0

32.50818 74.67992 1

32.507481 74.679809 1

32.507898 74.68018 0

32.508246 74.679857 1

32.507388 74.680139 0

32.508669 74.680107 1

32.508638 74.679736 1

32.508109 74.680302 0

32.506908 74.679618 1

32.50756 74.679302 1

32.506587 74.680488 0

32.506854 74.679907 0

32.506547 74.679613 1

32.507363 74.680294 0

32.506455 74.680174 0

32.507844 74.679643 1

32.507218 74.67941 1

32.507322 74.68033 0

32.507303 74.679974 0

32.507882 74.679878 1

32.508421 74.680105 1

32.508755 74.679757 1

32.507008 74.679466 1

32.508203 74.679674 1

32.508277 74.68011 1

32.508843 74.679969 1

32.508036 74.680105 1

32.506526 74.680446 0

32.508243 74.679904 1

32.506655 74.679744 0

32.508244 74.679816 1

32.50801 74.680429 0

32.508857 74.679535 1

32.508266 74.680026 1

32.508245 74.680192 1

32.508443 74.680393 0

32.507323 74.680077 0

32.508198 74.6797 1

32.507152 74.679711 1

32.50654 74.679585 1

32.508793 74.680197 1

32.508316 74.680476 0

32.507484 74.679458 1

32.507461 74.679431 1

32.506579 74.680005 0

32.506447 74.680408 0

32.507672 74.679738 1

32.507809 74.679698 1

32.508619 74.67978 1

32.507267 74.680232 0

32.506432 74.680358 0

32.508582 74.679825 1

32.507563 74.680186 0

32.50861 74.680366 0

32.508266 74.680067 1

32.50837 74.680003 1

32.508895 74.679335 1

32.508205 74.680439 0

32.508774 74.680226 1

32.508845 74.680195 1

32.50741 74.679604 1

32.508589 74.679772 1

32.507244 74.679744 1

32.508592 74.680085 1

32.50846 74.679752 1

32.507361 74.679481 1

32.508459 74.679975 1

32.506884 74.680123 0

32.507068 74.68031 0

32.507011 74.67935 1

32.507014 74.679399 1

32.507182 74.679621 1

32.508373 74.680002 1

32.506681 74.679529 1

32.507767 74.680117 0

32.506985 74.67994 0

32.507758 74.679906 1

32.507213 74.680204 0

32.507988 74.679374 1

32.506609 74.679461 1

32.50775 74.679773 1

32.508196 74.679589 1

32.50691 74.67948 1

32.507908 74.679738 1

32.506958 74.6803 0

32.508324 74.680398 0

32.508801 74.679687 1

32.507097 74.679904 0

32.508203 74.67995 1

32.508032 74.680469 0

32.50865 74.680104 1

32.508568 74.679945 1

32.507781 74.679749 1

32.508738 74.679588 1

32.506584 74.680081 0

32.508458 74.679391 1

32.507003 74.679586 1

32.50721 74.679931 0

32.506986 74.679445 1

32.50687 74.679746 1

32.506927 74.679677 1

32.507139 74.679815 1

32.50806 74.679682 1

32.507436 74.680231 0

32.506831 74.679861 0

32.508453 74.680466 0

32.508335 74.679591 1

32.506679 74.679967 0

32.508193 74.679769 1

32.508017 74.679988 1

32.508302 74.679844 1

32.507137 74.680421 0

32.50698 74.680105 0

32.507103 74.679723 1

32.508845 74.679606 1

32.506482 74.67983 0

32.507425 74.679365 1

32.507288 74.680199 0

32.507819 74.679892 1

32.507254 74.680019 0

32.506637 74.67975 0

32.508717 74.68017 1

32.508754 74.679795 1

32.507659 74.680071 0

32.508279 74.679388 1

32.508023 74.680374 0

32.508696 74.679959 1

32.508107 74.679413 1

32.508137 74.679383 1

32.507766 74.680311 0

32.507121 74.680422 0

32.508893 74.679997 1

32.508061 74.680054 1

32.506996 74.680144 0

32.508897 74.679782 1

32.508148 74.680252 0

32.50786 74.680401 0

32.506749 74.679643 1

32.506908 74.679602 1

32.507213 74.67959 1

32.507953 74.679483 1

32.506424 74.680237 0

32.507604 74.680293 0

32.508091 74.679451 1

32.507295 74.679656 1

32.507973 74.680303 0

32.507491 74.680116 0

32.508536 74.679555 1

32.507302 74.680261 0

32.506537 74.68036 0

32.507261 74.680156 0

32.506528 74.680481 0

32.508231 74.679471 1

32.507651 74.680192 0

32.508404 74.680017 1

32.507811 74.679595 1

32.50758 74.67995 1

32.506805 74.679747 0

32.506869 74.680434 0

32.507885 74.680124 0

32.507421 74.680008 0

32.506905 74.67933 1

32.508263 74.680387 0

32.507783 74.680415 0

32.50821 74.679864 1

32.507087 74.68016 0

32.507292 74.67933 1

32.507222 74.679678 1

32.507535 74.679316 1

32.507279 74.679404 1

32.508696 74.679934 1

32.507335 74.680153 0

32.50786 74.679954 1

32.507338 74.679667 1

32.507402 74.680486 0

32.506503 74.679373 1

32.507985 74.679906 1

32.507701 74.680196 0

32.507002 74.679915 0

32.508629 74.680167 1

32.507724 74.679744 1

32.508438 74.680411 0

32.507344 74.680276 0

32.50699 74.680295 0

32.508735 74.679382 1

32.50685 74.679563 1

32.507446 74.679653 1

32.506511 74.679675 0

32.507905 74.680184 0

32.507884 74.67994 1

32.506957 74.679958 0

32.506717 74.679744 0

32.506707 74.679457 1

32.506776 74.67969 1

32.507742 74.680087 0

32.508669 74.680089 1

32.508368 74.680183 1

32.507964 74.679681 1

32.506814 74.68049 0

32.508016 74.680461 0

32.50694 74.680095 0

32.507264 74.680056 0

32.50884 74.680296 1

32.508056 74.679466 1

32.508531 74.680479 0

32.507792 74.68036 0

32.507794 74.67995 1

32.508703 74.680318 1

32.508138 74.680153 1

32.508415 74.68025 1

32.507255 74.679662 1

32.507625 74.680233 0

32.507635 74.679882 1

32.50772 74.679887 1

32.506502 74.680036 0

32.507478 74.679506 1

32.50726 74.679637 1

32.507119 74.679836 0

32.506489 74.679777 0

32.507591 74.679548 1

32.506794 74.67999 0

32.507444 74.679583 1

32.506937 74.680009 0

32.507415 74.679659 1

32.507177 74.679665 1

32.508886 74.680403 1

32.508765 74.680349 1

32.507943 74.680163 0

32.507687 74.680047 0

32.507306 74.680338 0

32.506575 74.679896 0

32.506967 74.679374 1

32.507362 74.680219 0

32.507017 74.680346 0

32.507598 74.680042 0

32.507386 74.679519 1

32.508429 74.680287 0

32.507987 74.67996 1

32.507757 74.679787 1

32.507392 74.68022 0

32.50752 74.68042 0

32.506871 74.680411 0

32.507393 74.679656 1

32.50837 74.679559 1

32.50802 74.68013 0

32.507747 74.680363 0

32.507943 74.679605 1

32.507073 74.679728 1

32.506405 74.679658 0

32.507863 74.67996 1

32.506763 74.680495 0

32.507833 74.680289 0

32.508586 74.679644 1

32.507172 74.679559 1

32.507245 74.68015 0

32.507161 74.679546 1

32.507162 74.679433 1

32.508028 74.679579 1

32.507531 74.679939 1

32.506909 74.679508 1

32.508797 74.680098 1

32.506808 74.680129 0

32.50657 74.679381 1

32.507021 74.679376 1

32.508447 74.679787 1

32.507007 74.679875 0

32.508828 74.679421 1

32.507737 74.679802 1

32.506496 74.679796 0

32.507243 74.680215 0

32.506567 74.680399 0

32.50889 74.680312 1

32.507507 74.679835 1

32.507275 74.680342 0

32.507187 74.679503 1

32.506757 74.680076 0

32.508074 74.680074 1

32.508655 74.680139 1

32.507421 74.67975 1

32.507235 74.67964 1

32.507111 74.679774 1

32.506465 74.680442 0

32.50815 74.679344 1

32.507952 74.680072 1

32.508533 74.680372 0

32.506888 74.680444 0

32.506903 74.679484 1

32.506561 74.679879 0

32.50678 74.679821 0

32.507867 74.679598 1

32.508288 74.679388 1

32.508353 74.679675 1

32.508337 74.679542 1

32.508071 74.679357 1

32.506576 74.68028 0

32.507612 74.679464 1

32.508205 74.680029 1

32.508772 74.680269 1

32.508054 74.680376 0

32.506912 74.679589 1

32.506997 74.680349 0

32.508624 74.679577 1

32.507462 74.679442 1

32.508689 74.679451 1

32.507684 74.679787 1

32.507359 74.679366 1

32.508401 74.67939 1

32.507234 74.679453 1

32.506554 74.679781 0

32.506822 74.679765 0

32.506835 74.679576 1

32.507393 74.68021 0

32.508684 74.679398 1

32.507572 74.679683 1

32.508749 74.680297 1

32.508194 74.680496 0

32.507986 74.679308 1

32.507366 74.679457 1

32.507964 74.679689 1

32.50771 74.680379 0

32.507269 74.679329 1

32.506808 74.679626 1

32.507705 74.680497 0

32.506402 74.680221 0

32.506865 74.679472 1

32.508018 74.679863 1

32.507624 74.680164 0

32.507614 74.680495 0

32.507627 74.680431 0

32.507062 74.68045 0

32.508661 74.679605 1

32.508588 74.679977 1

32.506618 74.67963 1

32.508598 74.67943 1

32.507417 74.679863 1

32.507111 74.679623 1

32.506613 74.679774 0

32.508014 74.680255 0

32.507539 74.679776 1

32.5071 74.679923 0

32.508091 74.680153 0

32.506838 74.67977 0

32.506661 74.680389 0

32.508411 74.680436 0

32.507185 74.679571 1

32.507951 74.679862 1

32.506882 74.679964 0

32.508739 74.679653 1

32.507875 74.680469 0

32.508307 74.679429 1

32.506976 74.679528 1

32.507385 74.679353 1

32.507056 74.679675 1

32.506786 74.679508 1

32.50722 74.67968 1

32.507697 74.679899 1

32.507966 74.679449 1

32.50667 74.680191 0

32.506887 74.679941 0

32.507251 74.680016 0

32.50806 74.68043 0

32.508818 74.679362 1

32.506527 74.679816 0

32.508212 74.679302 1
