47
32.507878 74.679871
32.508034 74.680005
32.508161 74.679958
32.507201 74.679461
32.508283 74.679945
32.508133 74.680037
32.508358 74.680271
32.507356 74.679508
32.508227 74.680234
32.508376 74.680276
32.507922 74.680028
32.508412 74.680014
32.507399 74.679526
32.508177 74.679953
32.508167 74.679961
32.507176 74.679548
32.506763 74.679423
32.508636 74.680315
32.507658 74.679708
32.508081 74.680151
32.507471 74.679757
32.508513 74.680355
32.507852 74.679709
32.508133 74.679854
32.506989 74.679439
32.508406 74.680006
32.506608 74.679424
32.508193 74.679966
32.507948 74.680089
32.507926 74.679866
32.507858 74.679717
32.508392 74.680136
32.50697 74.679436
32.508578 74.680216
32.507729 74.679672
32.507861 74.679809
32.506677 74.679312
32.50873 74.680271
32.506478 74.679374
32.506555 74.679333
32.507564 74.679706
32.508117 74.680171
32.507706 74.679893
32.508191 74.680168
32.507078 74.679446
32.508445 74.680072
32.507859 74.679801
