2000
114.9 53.8 1
156 96.3 0
153.4 82.4 0
48.9 106.5 0
39.8 97.3 0
162.3 11 1
55.8 23.3 1
103.3 12.1 1
92.3 27.7 1
129.4 7 1
64.6 61.4 0
50 42.7 1
158.8 30.1 1
223.1 117.8 0
237 53.6 1
200.8 50.8 1
56.9 50.8 0
161.8 47.6 1
132.5 55.8 1
27.2 31.7 1
198.8 103.1 0
1.7 71 0
97.8 19.4 1
178.1 37.5 1
226.3 105.8 0
18.9 111.7 0
213.1 28.1 1
73.5 118.6 0
56.1 101.7 0
110.2 96.5 0
80.7 61.3 0
38.4 50.1 0
78.7 9.1 1
186.9 44.5 1
147.1 1.5 1
57.2 56.3 0
153.7 10.2 1
199.3 65.6 1
51.4 111.9 0
103.9 11.6 1
171.8 29.9 1
165.6 59.9 1
201.6 10.1 1
193.2 78.4 1
38.8 25.1 1
86.2 55.3 1
65 52.6 0
1.8 61.1 0
70.8 97.7 0
9.8 112 0
84.5 67.3 0
165.9 21.1 1
72.7 91.5 0
184.9 61.4 1
239 94.2 1
75.3 29.2 1
224.7 34.2 1
27.2 57.9 0
131.3 9.5 1
209.4 0.7 1
104.4 54.7 1
150.7 64.3 1
25.9 46.7 0
52.2 8.7 1
128.4 87.3 0
141.8 102.1 0
177.2 90.3 0
212 88.5 1
87.7 58.6 0
35.7 75.2 0
118.6 43.3 1
75.4 46.5 1
25.9 41.9 0
177.6 106.2 0
3.1 105.3 0
57.1 74.2 0
53.8 57.3 0
129.5 31.3 1
49.4 6.2 1
14.6 72.9 0
101.1 112.8 0
51.7 59.5 0
198.9 3.1 1
11.5 11 1
227.2 64.3 1
16.5 57.4 0
138.3 18.8 1
37.4 22.5 1
211.8 89.4 1
118.4 42.1 1
225.2 50.8 1
220.6 21.8 1
0.6 42 0
47.2 106.4 0
205.8 14.8 1
79.3 73.4 0
120 13.8 1
187.9 11.6 1
21.3 35.5 1
231.9 59.1 1
26.6 16.4 1
102 52.3 1
189 115.6 0
192.1 50.9 1
99 98.1 0
92.2 76.7 0
48 65.8 0
16.2 61.8 0
205 94.4 1
206.4 88.8 1
80.8 37.8 1
131.6 47.3 1
109.3 20.1 1
135.6 57.6 1
239.9 106.5 1
9.3 82.7 0
217.5 81.4 1
239 89.7 1
134.2 103.2 0
231.4 62.7 1
146.6 4.1 1
219.7 8.8 1
159.3 47.6 1
233.8 105.1 1
28.6 94.7 0
82.4 81.6 0
54.1 19.6 1
149.9 77.5 1
37 1.4 1
197.7 108.2 0
218.6 15 1
231.3 84.9 1
87.8 50.9 1
108.4 2.4 1
200.7 115.4 0
145.2 40 1
197.2 87.5 1
75.5 93.9 0
169.6 101.9 0
119.8 106.1 0
199.1 15.6 1
204.2 53.1 1
127.6 54.4 1
72.4 43.1 1
112.9 9.7 1
33.9 63.2 0
210.6 102.4 0
134.8 61.6 1
66.4 92.8 0
96 46.2 1
77.3 83.3 0
86.2 58.4 0
218.3 61 1
110.9 59.9 1
90.1 2.5 1
85.9 72.6 0
200 72.1 1
127.6 64.4 1
37.5 30.1 1
91.2 104.2 0
220.2 46.8 1
237.3 27.7 1
177.9 2.5 1
178.7 76.6 1
131.2 35.4 1
221 3.5 1
14.8 31.3 1
194.6 0.6 1
242.3 49.7 1
45.1 95.4 0
32.8 60.3 0
123.7 83.4 0
244 95.1 1
199.4 38.4 1
236.5 55.7 1
205.9 110.7 0
186.4 30.4 1
181 70.4 1
137.1 46.2 1
244.4 51 1
159.3 20.5 1
243.4 56.6 1
30.3 47.6 0
203.8 92.1 1
174.6 28 1
136.2 82.6 0
4.9 60.7 0
57.2 61.5 0
9.2 111.9 0
90 110.4 0
52.9 10.1 1
12.1 101.3 0
143 59.8 1
28 11 1
179.9 93.7 0
200.4 84.8 1
133.7 99 0
55 74.6 0
90.3 10.6 1
145.2 34 1
208.8 92.8 1
214.6 70.6 1
177.4 73.9 1
6 80.5 0
76.9 49.8 1
97.9 56.3 1
85.4 80 0
122.8 115.8 0
122.6 62.8 1
159.1 104.3 0
101.2 108.8 0
103.4 29.1 1
14.3 3.5 1
210 95.7 1
236.2 76.5 1
196.2 113.2 0
52.7 51.2 0
174.2 111 0
107 106.8 0
135.5 24.8 1
70.5 103.5 0
125.2 8.7 1
59.3 41.1 1
3.4 117.3 0
14.7 45.6 0
58.6 58.5 0
108.3 36 1
137.5 115.5 0
169.5 80.1 1
33.9 100 0
217.9 88.5 1
142.1 26.6 1
139.9 35.8 1
126.9 20.2 1
75.5 114.3 0
131.6 61.6 1
91.8 38 1
227.5 6.3 1
166.7 105 0
169.4 99.7 0
134.9 115.2 0
39 47.4 0
20.2 0.5 1
71.9 112.5 0
10.9 26.5 1
242.1 48.1 1
24.7 109.3 0
131.9 0.6 1
168.3 32.8 1
112.7 118.8 0
23 74.4 0
192.4 101.4 0
222.9 115.9 0
145.3 118.9 0
100.9 26.5 1
144.2 92.3 0
68.3 17.6 1
114.8 18.7 1
149.4 114.4 0
75.3 74 0
15.4 16.7 1
24.2 33.5 1
40.9 80.9 0
93.4 83.2 0
52.1 13.9 1
62.9 103.8 0
101.5 58.2 1
218.7 53.9 1
197.9 10.8 1
103.3 49.9 1
160 110.9 0
92.4 55.6 1
149.6 46.8 1
207.6 89 1
4.8 102.7 0
58.7 104.7 0
249.1 41 1
242.6 21.5 1
78.7 72.3 0
177.6 80.6 1
28.7 99.5 0
126.4 16.9 1
72.9 40.8 1
110.3 7.7 1
225.9 84.4 1
247 70.3 1
241.7 22.4 1
70.8 46.5 1
148.6 65 1
218.9 82.9 1
234.9 36.7 1
192.1 107.5 0
43.4 116.6 0
12.7 70.7 0
221.3 55.5 1
6.4 33.8 1
173 114.3 0
82.6 37.1 1
161.9 32.7 1
188.2 98.2 0
219.5 48.5 1
44.1 112 0
157.9 86.3 0
116.8 89.4 0
139 21.8 1
168.3 79.7 1
155.2 69.9 1
180.2 30.3 1
37.2 26.8 1
100.6 47.3 1
122.4 29.4 1
123.9 25.3 1
45.4 6.6 1
24.2 2.5 1
61.7 64.2 0
230.4 58.5 1
88.7 64.5 0
42.1 43.6 0
16.5 9.5 1
180.7 21 1
213.2 74.8 1
52 78 0
95.4 98.2 0
98.4 69.8 0
211.4 11.4 1
237.5 110.8 0
133.2 48 1
235.2 41.6 1
158.8 79.3 1
188 48.2 1
37 103.1 0
8.4 48.5 0
174.6 90.4 0
210 100.1 0
123.8 64 1
82.3 75.1 0
20.3 48.7 0
236.1 87.9 1
134.8 74 0
202.1 96.4 0
217.6 94.5 1
105.1 102.3 0
162.2 117.8 0
246.8 116.4 0
43.4 111.9 0
173.9 113.1 0
0.8 111.7 0
129.6 42.9 1
64.2 61.1 0
18.4 114.1 0
83.5 57.7 0
15.6 102.5 0
74.6 67.7 0
41.6 53.5 0
174.1 43.8 1
87 115.8 0
86.8 119.5 0
119.3 17.1 1
109.7 109.9 0
53.3 52.3 0
118.9 42 1
72.9 65.5 0
229.5 101.7 1
32.9 111.4 0
130.4 36.8 1
248.7 9.5 1
3.2 64.6 0
104.3 36.1 1
95 34.1 1
225.7 101.7 1
191.2 120 0
45.9 78.1 0
166.2 27.5 1
149.9 90.4 0
36.8 41.1 1
104.9 76.7 0
189.9 112 0
173.6 69.5 1
110.1 3.4 1
92.5 34.9 1
98.3 90.4 0
149.4 13 1
56.9 14 1
211.1 46.9 1
98.4 100.3 0
114.1 51.3 1
112.4 37.2 1
114.6 102.8 0
224.7 68.5 1
47.2 18 1
138.6 49.2 1
9.2 37.7 0
87.2 12 1
97.4 91.4 0
216.7 0.4 1
146.2 80.4 0
93.4 68.5 0
97.2 56.7 1
125.9 89.4 0
85.2 90.3 0
202.5 40.7 1
181.2 82.5 1
9.2 51.2 0
206.9 31.6 1
11.6 50.1 0
85 99.1 0
12.6 13.4 1
94.3 25.5 1
33.8 49.6 0
145.2 41 1
88.5 50 1
201.2 42.8 1
161.2 60 1
117.6 97.8 0
239.7 106.8 1
58.3 97.1 0
201.9 23.9 1
80.5 63.3 0
91.2 84.2 0
178.4 37.7 1
226.7 105 0
235.6 82.7 1
200.3 17.8 1
150 60.4 1
234.6 30 1
187.9 104.7 0
231.7 1.5 1
242 16.4 1
106.8 23.5 1
29.3 41.4 0
39.1 49.9 0
104.3 101.2 0
187 67.1 1
247.1 109.8 1
119.9 99.5 0
36.9 58.6 0
161.9 90.8 0
191.8 19.8 1
125.4 45.9 1
177.7 33.6 1
77.3 103.9 0
245.4 1.7 1
170.4 63 1
7.7 81.5 0
71.2 47.9 1
199.9 17.7 1
52.6 36.5 1
87.3 16.7 1
80.3 72.6 0
237.9 8.9 1
86.1 103.9 0
118.4 64.5 1
62.5 90.3 0
63.5 115.7 0
134 70.9 1
108.7 75.7 0
25.1 22.1 1
158.7 103.5 0
8.6 32.2 1
196.2 16.5 1
120.6 67.2 1
205.9 36.7 1
170.3 15.2 1
242.6 112.1 0
158.5 42.2 1
140.6 1.2 1
113.9 112.4 0
156.4 60.3 1
200.1 24.1 1
84.7 71.7 0
109 26.5 1
38.3 0.2 1
115.8 35.4 1
73.9 48.5 1
219.6 33.7 1
168.4 60.2 1
124.8 28.9 1
44.2 42.8 1
83.8 112.1 0
246.2 106.2 1
245.8 64.2 1
125.1 24.5 1
6 38.9 0
55.2 36.6 1
60.3 70.9 0
184.3 38.5 1
138.2 66.7 1
58.9 7.1 1
217.9 102.5 0
244.9 8.8 1
43.7 72.8 0
209.3 72.7 1
40 17.7 1
208.9 36.8 1
129.1 69.3 1
204.2 10.4 1
6.4 7.2 1
112.7 66.2 1
171.8 68.2 1
244.3 0.8 1
184.9 73 1
57.3 63.9 0
230.4 92.3 1
5 98.9 0
40.4 22.7 1
144.1 74 1
22 39 0
193.3 119.6 0
173.1 32.6 1
229.3 71.6 1
201.1 109.9 0
30.1 33.9 1
76.4 102.7 0
143.8 8 1
246.3 50.1 1
243 28.1 1
16.9 103.3 0
90.9 83.7 0
18.7 71.9 0
207.6 99.9 0
219.7 18.7 1
150.5 77 1
137.5 41.7 1
229.1 18.1 1
119.3 110.1 0
242.8 27.2 1
85.5 66.1 0
175 114.6 0
195.9 69.8 1
149.7 80.9 0
139.9 65.5 1
58 73.3 0
198.2 4.3 1
122.6 91 0
16 74.7 0
166.3 106.5 0
28.6 48.8 0
74.9 74.7 0
16.9 81.8 0
206 111.5 0
124.6 16 1
31.3 38.8 1
93.5 37.5 1
152 1.2 1
226.6 17.4 1
27.1 20.4 1
142.8 9.6 1
165.7 40.3 1
199.1 83.8 1
78 90.9 0
5.8 37.9 0
234.7 109.1 0
243.2 72.5 1
171.1 67.6 1
179.2 15.4 1
192.8 108.4 0
125.7 81.1 0
72.5 70.3 0
47.5 11.6 1
10.1 116.8 0
229.1 1.1 1
247.5 115.8 0
174.2 104.9 0
249.6 83.3 1
82 117.4 0
18.7 87.5 0
30.9 110.4 0
106.3 109.9 0
224.6 29.7 1
90.9 11.2 1
98.2 27.2 1
175.5 75.3 1
130.3 30.8 1
56.4 69.1 0
58.4 111.5 0
68.2 11.3 1
216.7 29.6 1
81.4 40.8 1
135.4 14 1
114.6 33.1 1
58 0.5 1
199.5 114.7 0
126.4 102.5 0
233.5 76 1
185.7 114.2 0
32.8 49.1 0
215.6 53.5 1
73.9 64.5 0
176.6 80.7 1
139.3 18.7 1
139.1 48.7 1
166.9 109.7 0
66.7 89.1 0
59.1 108.1 0
84.2 75.8 0
77.5 56.9 0
216.6 8.6 1
130.5 37.3 1
20 98.6 0
155 2.8 1
83.3 12.9 1
168.3 75.7 1
220.8 58.6 1
106 112 0
245.4 50 1
215.2 106.4 0
239 58 1
76.4 72 0
67.6 119.3 0
114.2 97.8 0
53.2 6.9 1
101.3 64.9 0
152.6 105.4 0
150 32.7 1
158.8 54.1 1
110.8 5.1 1
73.1 6.8 1
176.5 74.7 1
129.7 78.7 0
84.6 59.6 0
208.7 103.8 0
192.1 0.6 1
238.3 42.5 1
160 73.7 1
190.9 108.4 0
162.5 16.5 1
225.1 102.8 1
192.1 74.5 1
74.4 78 0
188.5 9.7 1
69.9 88.1 0
49.8 80.1 0
132.5 78.7 0
75.8 82.7 0
195.9 97.5 0
28.3 25.1 1
102 97.6 0
89.5 73.6 0
123.9 47.4 1
71.5 64.2 0
227.1 17.4 1
51.3 27.7 1
158.1 30.2 1
231.8 19.8 1
140.9 21.3 1
22.1 43.5 0
190.9 13.4 1
100.9 117.7 0
243.8 57.7 1
71.2 32.5 1
178.8 25.2 1
249.2 81.7 1
120.8 18.9 1
59.3 51.2 0
54.4 76.9 0
233 71.5 1
155.8 34.7 1
79 85.7 0
7.2 54.3 0
143.2 7.5 1
106.2 28.8 1
33.1 7.3 1
155.8 46.9 1
171.9 25.4 1
61.8 8 1
235.3 48 1
202.1 63.3 1
34.6 108.3 0
100.2 108.9 0
165.2 30.7 1
155.6 105.8 0
192.5 66.6 1
14.8 93.5 0
189.1 16.5 1
159 112 0
119.8 6.3 1
162.4 14.2 1
134.2 68.3 1
149.5 27.4 1
159.5 22 1
117.6 32 1
13.6 66.2 0
65.2 66.6 0
190 67.9 1
58.9 44.3 1
134 54.7 1
28.7 66.9 0
145.8 78.2 0
69.2 98.5 0
209.7 86.6 1
183.2 81.9 1
60.3 56.5 0
189.6 37.6 1
1.7 53.5 0
58.1 48.3 1
53.5 40.1 1
248.3 84.9 1
69.2 61.1 0
165.1 89.4 0
127.5 62.1 1
249.3 22.4 1
158.1 7.6 1
25.8 65 0
234.1 100.1 1
215 44.3 1
209.5 14.6 1
67.4 118.9 0
21.6 14.3 1
178.1 118.9 0
172.3 51.9 1
176.1 28.6 1
219 60 1
150.7 68 1
235 87.7 1
174.3 49.8 1
113.9 91 0
199 11.9 1
124.6 74 0
84.6 12.9 1
3.2 26 1
229.7 82.4 1
113.9 16.5 1
65.2 98.3 0
208.4 28.8 1
153 90.3 0
178.7 92.7 0
153.3 97.3 0
154 32.8 1
80.4 93.9 0
33.9 1.7 1
184.2 61 1
37.5 105.8 0
157.4 71.4 1
161.4 87.1 0
131.8 47.2 1
190.1 55.9 1
191.3 43.7 1
7.1 15.4 1
17.7 27.3 1
92.3 72.5 0
149.7 99.5 0
47.1 51.8 0
98.5 66.8 0
178.3 117 0
190.4 89.4 1
91.7 65.7 0
83.6 113.7 0
63.6 15.1 1
136.1 46.1 1
182.4 64.1 1
159.8 83.7 0
37.6 40.6 1
149.9 3.2 1
61.2 109.7 0
236.6 92.4 1
59.4 20.1 1
220 60.2 1
199.1 47.7 1
3.6 58.6 0
86.8 3.5 1
227.8 30.8 1
195.7 113 0
15.9 10.6 1
224.9 89.5 1
199.6 61 1
148.9 15.7 1
249 37.4 1
186.5 28.2 1
154.6 56.6 1
202.4 32.1 1
2.3 68 0
131.3 30.4 1
197.9 74.9 1
234.4 115.3 0
169 31.9 1
222.3 8.6 1
167.5 47.4 1
200.9 117.3 0
45.3 107.1 0
54.9 35.5 1
120.7 56.4 1
54.2 107.1 0
120.9 70.3 0
194.2 48.7 1
6 92.4 0
168 59 1
164.7 53 1
118.7 42.3 1
143 92.3 0
76.3 80.3 0
143.2 63 1
120.9 111.3 0
110.9 21 1
140.4 2.7 1
173.9 11 1
108.4 93.2 0
191 30.2 1
13.2 45.8 0
209.1 44.4 1
191.1 79.1 1
190.2 113.9 0
39.8 119.1 0
28.6 45.5 0
189.4 26.7 1
154.4 75.5 1
234.4 19 1
223.5 119.6 0
133 43.4 1
137.6 75.3 0
5.4 52.2 0
39.9 93.9 0
25.4 35 1
179.1 79.2 1
131.4 67.2 1
160.6 44.1 1
239.9 34.1 1
14.4 97.6 0
91.5 57.6 1
193.2 60.5 1
90.1 76 0
214.9 45.8 1
182.7 70 1
28.9 49.3 0
56.1 0.6 1
240.8 27 1
185.8 25.4 1
63.2 117.9 0
120.1 118.3 0
126.7 69.2 1
71 32 1
201.1 34.3 1
137.2 97.1 0
242.3 0.2 1
248.2 30.9 1
112.4 80.5 0
228 46.4 1
41 88.5 0
78 40.2 1
96.1 27.3 1
44.8 41 1
234.4 44.3 1
178.3 2.8 1
77.3 113.1 0
199.2 87.3 1
101.3 94.1 0
173.4 60.7 1
147 6.1 1
213.5 111.4 0
91.4 102 0
168.2 109.3 0
33.3 62 0
67.9 72.4 0
228.2 79 1
123.2 46.4 1
128.2 49.8 1
215.7 118.8 0
239 83.4 1
198.2 44.9 1
19.6 21.2 1
241.1 82.7 1
194.9 85.8 1
126.4 84.3 0
136.6 13.1 1
131.4 118.8 0
172.4 107.3 0
133.6 16.1 1
73.1 82.6 0
235.8 19.1 1
35.8 48.6 0
52.1 7.3 1
176.4 108.1 0
137.1 8.7 1
187.3 72.8 1
160.4 1.9 1
218.4 110.1 0
12.9 81.4 0
177 63 1
50.8 83.1 0
92.3 57.9 1
151.8 4.6 1
184.4 38 1
144.1 0.6 1
115.7 88.7 0
133.4 7.1 1
76.6 87.6 0
204.9 8.9 1
249.7 111.2 1
160.5 44.1 1
140 116.6 0
175.2 80.6 1
151.8 104.4 0
232.9 70.1 1
140.8 38.7 1
119.2 43.8 1
24.9 114.1 0
40.8 102.9 0
33.4 11.5 1
234.5 112.1 0
182.9 113.9 0
9.7 54.7 0
16.3 68.6 0
35.1 43.8 0
155.6 100.8 0
27 113.3 0
180 67.6 1
66.2 50.9 1
159.5 16.2 1
37.2 84.6 0
78 19.5 1
166.4 69.3 1
72.6 86 0
249.6 41.6 1
71.4 13.3 1
234.3 106.6 0
205 66.4 1
18.7 4.5 1
70.3 112.8 0
243.9 31.6 1
217.1 52.3 1
130.7 55.9 1
3 31.1 1
40 45.5 0
75.9 10.4 1
139.5 107.3 0
61.7 58.1 0
204.3 114.7 0
16.1 46.3 0
245.1 9.7 1
36.2 52.6 0
108.7 29.2 1
21.4 8 1
40.2 108.9 0
201.7 81.5 1
52.7 75.5 0
174.4 60.5 1
224.3 66.7 1
148.9 75 1
32.2 27 1
36.5 38.1 1
174.6 10.9 1
45.9 72.4 0
158.6 116 0
204.9 39.5 1
132.6 110.4 0
5.6 63.1 0
122.2 82.4 0
181.1 65.1 1
138.3 117.2 0
229.5 41.5 1
219.6 64.4 1
246.1 33.5 1
77.4 57.2 0
149.2 78.1 1
13.8 64.2 0
55.6 90.5 0
129.6 31.7 1
237.9 85.1 1
240.3 105.7 1
240.8 46.8 1
246.5 91.2 1
64.1 48.6 1
166 85.4 0
151 1 1
19.3 108 0
30.2 45.8 0
190.7 105.8 0
20.7 114.5 0
176.5 2 1
134.2 37 1
174 47.5 1
199.8 98.5 0
63.1 97.7 0
95.4 27.3 1
114.6 86.7 0
161.9 66.3 1
249.6 37.4 1
213.5 88 1
235.7 28.8 1
37.2 58.7 0
90.8 118 0
188.2 44.3 1
24.1 8 1
224.9 112.5 0
229 95.1 1
238.6 35.6 1
47 92.2 0
239.1 85.8 1
139.1 72.2 1
229.3 8.5 1
115.9 113.4 0
21 2.7 1
180.2 110.5 0
221.3 27.7 1
138.1 12.6 1
156.1 15.2 1
6.6 107.9 0
46.8 62.7 0
196.9 58.8 1
146.2 28.7 1
145.4 74.4 1
213.7 2.8 1
215.4 29.5 1
218.4 107.6 0
135.5 85.2 0
66.8 44.3 1
74.1 25.1 1
241.8 50.2 1
64.4 68.7 0
169.7 97.3 0
92.1 70.6 0
172.5 93.7 0
68.8 44.8 1
213.1 58.8 1
177.2 59.2 1
74.8 102.7 0
13.2 76.4 0
78.3 100.1 0
95.8 70.4 0
40.1 31.7 1
9.6 107.3 0
73.5 6.2 1
120.6 8.8 1
88.1 39.4 1
15.7 16.8 1
143.2 93.3 0
63.5 89.6 0
230.5 55.7 1
54.4 24.2 1
205.5 39.3 1
39.5 75.3 0
47.8 108.9 0
201.1 76.9 1
79.1 3.8 1
108.1 14.5 1
239.3 43.4 1
113.5 9.3 1
81.1 108.5 0
94 22.4 1
56.8 81.4 0
36.5 106.6 0
201.3 52.3 1
177.8 58.2 1
70.8 119.3 0
22.3 84.9 0
211.1 69.9 1
112.8 66.5 1
225.3 93.9 1
220 57.8 1
62.2 62.9 0
60 35.3 1
236.4 19.6 1
46.7 50.8 0
46.9 67.8 0
218.7 57.5 1
150.5 73.2 1
85.9 69.2 0
130.1 110.7 0
56.3 113.4 0
48.2 54.4 0
195.1 95.8 0
42.2 20 1
216.3 69.1 1
186.9 77.6 1
50.1 81.9 0
6.9 67.9 0
59.6 112.5 0
109.3 72.8 0
187.5 14.3 1
24 3 1
137.3 33.5 1
133.7 107.5 0
162.7 56.8 1
67.7 21 1
6.1 82.8 0
137 119.1 0
111 25.3 1
245 32.9 1
80.5 32.4 1
3.4 57 0
35.3 80.6 0
222.9 13.2 1
161.7 3.4 1
3.6 45.4 0
74.4 19.1 1
63.5 12.9 1
203.2 60.4 1
194.8 102.7 0
34.3 31.6 1
131.3 4.4 1
177.8 114.2 0
139.5 35.7 1
43 17.1 1
26.9 93.9 0
115.4 58.1 1
213.5 14.6 1
71.1 55.5 0
47 44.1 1
203.8 54.8 1
202.7 46.6 1
50.9 88.2 0
166.8 75.6 1
186.3 75.1 1
164.2 57.3 1
160.1 73.3 1
140.1 38.6 1
143.1 38.7 1
195.4 76.5 1
3.3 83 0
118.7 40.1 1
142.9 8.7 1
3.7 98 0
60.6 113.9 0
6.1 105.7 0
145.6 77.8 0
180.5 66.8 1
35.8 102.3 0
76.8 115 0
41.1 32.7 1
58.1 87.3 0
96.1 110.8 0
94.4 74.2 0
163.2 39.2 1
186.6 27.5 1
29.6 9.7 1
38.4 11.4 1
191.5 34.2 1
169.1 29.6 1
210.5 119.2 0
177.9 96.6 0
203 2.4 1
98.1 20.3 1
57.8 103 0
60.2 28.6 1
179.4 50.7 1
249.5 44.5 1
62.4 77.9 0
67.1 81.7 0
23.5 93.7 0
159.7 61.6 1
41.5 89.3 0
202.7 93.9 1
57.7 38.2 1
212.3 101.3 0
214.1 83.2 1
141.3 65.1 1
81.2 63.8 0
103 45.4 1
239.7 16 1
47 92.3 0
186.9 8.1 1
96.5 35.2 1
187.3 53.7 1
69.5 48.1 1
0.9 55.1 0
80.1 74.2 0
209.2 80.7 1
12 13.4 1
129.6 25.4 1
230.9 109.2 0
168.9 99.4 0
141.5 67.9 1
164.9 56.4 1
49.1 105.2 0
28.8 36.3 1
227.3 110 0
185.8 19.4 1
40.6 119.1 0
175 86.1 1
38.3 80.8 0
4.6 64.7 0
80.8 24 1
64.9 20.6 1
28 11.9 1
63.1 80.5 0
103.6 115.9 0
202.1 1.1 1
32.8 10.4 1
21.7 39.9 0
70.8 38.1 1
238.5 55.5 1
242.3 118.7 0
209.9 13.2 1
174.4 84.3 1
249.1 19 1
124.9 93.9 0
246.3 105.6 1
89.3 43 1
4.2 15.6 1
222.6 74.4 1
128.1 80.8 0
204.2 35.9 1
179.2 84 1
115.4 74.9 0
163.9 31 1
70.1 38.1 1
17.4 77.3 0
229.2 5.1 1
204.9 46.9 1
104 57.6 1
76.3 53.4 1
102.4 28.5 1
24.2 37.8 0
47.2 76.2 0
13 71 0
42.1 50.1 0
21 68 0
161.7 44.4 1
139.7 66.1 1
247.6 102.3 1
50.8 87.9 0
214.8 23.4 1
185.9 58.6 1
166 58.1 1
204.2 53.4 1
88.7 85.3 0
69.2 68.5 0
248.9 40.9 1
29.8 95.5 0
184.5 106.4 0
42.4 78.4 0
144.2 12.9 1
87.1 53.3 1
93.1 36.4 1
62.3 99.9 0
119 19.6 1
113.8 24.4 1
72.9 48.2 1
10.5 110.3 0
41.7 33.5 1
216.4 68.4 1
190.7 17.1 1
122.9 53.8 1
164.9 45.1 1
129.6 24.9 1
119.8 75.9 0
101.6 80.6 0
10.6 65.5 0
154.9 16.9 1
47.3 22.1 1
247.5 4.5 1
37.1 108.5 0
186.6 2.1 1
177.7 104 0
205.5 34.3 1
197.2 88.3 1
241.3 6.9 1
71.8 76.6 0
179.5 49.4 1
11.4 18.2 1
51.9 0.8 1
108.1 114 0
114.1 35.1 1
11 45.7 0
86 16.8 1
31.9 49.7 0
90.7 94.4 0
160 86.6 0
158.2 12 1
95.5 112.9 0
60.5 2.6 1
108.6 46 1
235.1 112.3 0
5.1 18.9 1
64.9 24.2 1
112.3 8.8 1
6.1 92.3 0
33.3 114.6 0
29.7 85.2 0
99.1 25.6 1
164.7 84.2 0
181.7 109.2 0
200.1 71.8 1
121.5 62.5 1
140.3 111.3 0
195.7 43.4 1
12.9 75.7 0
44.1 36 1
228.5 10.5 1
177.2 1.1 1
38.9 11.2 1
84 36 1
143.8 95.7 0
2.6 86.4 0
46.2 4.9 1
141.2 32.1 1
150.7 109 0
30.9 46.3 0
240.6 61.3 1
75.6 76.7 0
135.3 104.3 0
203.8 14.8 1
245.2 95.2 1
13.6 10.5 1
179.4 61.7 1
47 49 0
142.5 68.2 1
185.9 68.3 1
191.8 76.2 1
190.4 88.8 1
113.5 20.8 1
120.1 40.1 1
241.9 53 1
68 89.4 0
131.9 76.9 0
55 71.8 0
139.1 75.5 0
243.4 30.1 1
13.9 87.4 0
189 97.3 0
65.1 31.3 1
117.3 61.8 1
144.8 63.3 1
117.7 11.2 1
246.9 30.3 1
171.1 24.2 1
29.2 75.3 0
159.2 94.4 0
34.7 14.8 1
125.8 19.7 1
138.1 104.8 0
1 54.3 0
205.4 40.8 1
9.9 111.1 0
7.6 84.5 0
67.1 99.6 0
144.9 110.3 0
233.2 71.9 1
73.9 6.9 1
115.7 96.7 0
35.4 63.3 0
133.3 59.2 1
146.1 37.8 1
216.6 40.1 1
107.8 110.1 0
165.5 24.5 1
71.1 79.9 0
130.5 119.7 0
149.1 20.3 1
244.5 60.7 1
209.4 36.3 1
139.8 28.4 1
25 114.6 0
198.7 19.5 1
53.2 113.8 0
84.4 18.4 1
98.4 93.4 0
122.4 104 0
44 100.7 0
10 104.6 0
190.5 4.6 1
85.8 94.7 0
151.8 6.2 1
71.9 105.3 0
65.8 77.4 0
90.6 19.5 1
142.1 2.9 1
39.4 19.7 1
125.3 118.7 0
59.7 35.2 1
55.1 77.4 0
206.2 1.3 1
20.9 94.3 0
100.7 71 0
179.5 27.1 1
185.1 47.7 1
142.5 91.7 0
104.9 117.3 0
4 59.5 0
111.4 0.7 1
101.1 80 0
62.1 32.5 1
234.2 79.7 1
237.6 50.8 1
49.6 57.5 0
25.8 48.5 0
189.8 29.7 1
97.3 34.1 1
202.9 75.7 1
174.6 95.5 0
76.9 33 1
175.2 15.2 1
12.1 115.1 0
84.7 24.4 1
192.6 51.6 1
55.1 97.8 0
114.6 2.6 1
191.9 118.9 0
231.8 18.8 1
219.7 111.4 0
188.1 68 1
17.3 94.4 0
95.8 38.1 1
29.6 25.8 1
104.9 86.4 0
81.2 109.2 0
210.1 96.3 1
87.3 74.1 0
70.6 33.9 1
72.9 107.7 0
165.8 0 1
71.8 111.1 0
46.4 114.3 0
194.3 57.4 1
247.7 46.4 1
150.7 51.9 1
11.1 41.3 0
239 40.5 1
210.8 69.8 1
190.7 80.7 1
245.9 9.8 1
246.2 9.5 1
119.4 114.4 0
192.7 16.7 1
91.4 118.8 0
230.1 7.4 1
243.6 22.3 1
43.6 106.5 0
109.6 27.6 1
49.7 25.9 1
139.9 65 1
30.1 99.1 0
122.4 97.9 0
134.9 107.6 0
244.6 36.9 1
58.3 102.2 0
74.2 108 0
248 85.8 1
196.9 64.2 1
143.7 45.6 1
91.3 70.6 0
244.8 77.1 1
221.7 97.1 1
54.2 81.1 0
239.5 64.1 1
12.9 63.7 0
77.7 52.4 1
62.8 7.2 1
129.8 82.8 0
102.4 33.2 1
165.3 44.7 1
97.4 42.4 1
17.6 10 1
82 38.1 1
87.4 108.6 0
121 105.5 0
64.5 54.9 0
187.2 2 1
66.8 11.2 1
56.5 117.1 0
206.1 119.6 0
125.4 12.5 1
4.9 20.9 1
64.7 34.4 1
201.8 47.4 1
246.1 5.9 1
202.5 76.7 1
91.7 93 0
224.2 6.5 1
124.6 43.2 1
150.2 91 0
231.6 6.8 1
134.1 109.3 0
189.7 92.6 0
188.8 74 1
9.8 19.1 1
112.2 0.3 1
211.3 4 1
65.6 89.8 0
80.3 62.6 0
97.3 103.6 0
137.9 21.7 1
227.7 50.2 1
156.8 106.1 0
5.1 19.9 1
168 101.4 0
185.8 61.4 1
190.9 105.6 0
206.6 38.5 1
167 115 0
140.3 13.2 1
88.8 110.9 0
66.6 19.1 1
114.5 22.8 1
20.6 97.8 0
171.6 12.3 1
200.9 113 0
26.2 64.8 0
15.8 25.7 1
124.1 43.6 1
232.1 95.7 1
128.5 15 1
35.4 42.8 0
241.7 81.3 1
207.2 15.6 1
162.9 3.1 1
171.9 76.3 1
193.2 86 1
143.9 89.5 0
88.8 5.6 1
39.2 57.4 0
26.9 14.7 1
175.5 55.9 1
35.6 102.8 0
99.7 16.3 1
192.7 39.7 1
183.6 116.8 0
168.4 100.1 0
84.4 56.3 1
67.3 60.8 0
124.3 78.6 0
216.2 73.2 1
151.3 8.3 1
194 103.4 0
164.8 29.9 1
22.3 23.3 1
12.1 83.8 0
81.9 56.6 0
34 2.2 1
93.3 9.5 1
205.5 25.5 1
29.4 93.7 0
37.5 81.8 0
110.8 84.1 0
146.2 107.2 0
44.1 39.3 1
156.9 96.6 0
60 109 0
9.8 103.7 0
157.1 2.6 1
1.5 19.7 1
18.3 44.9 0
223.3 114.2 0
17 70.3 0
69.3 26.9 1
208.1 58.6 1
226.2 110.8 0
204.8 33.3 1
56.8 76.1 0
169.9 52.4 1
133.8 48.3 1
145 29.3 1
94.5 45.8 1
129.4 54.7 1
231.6 14.5 1
149.4 81.2 0
141.8 105.1 0
180.9 4.5 1
141.5 78.8 0
110.6 104.3 0
241.7 89.4 1
72.4 60.2 0
90 115.8 0
203.2 60.7 1
14.3 8.3 1
219.1 86.1 1
122.9 80.7 0
44.7 60.4 0
137.9 36.6 1
203.3 4.2 1
95.5 103.5 0
235.6 41.3 1
126.6 97.3 0
134.1 19.9 1
20.3 85.9 0
229.3 67.8 1
107.6 30.9 1
204.1 76.6 1
37.9 112.7 0
47.2 45.1 0
178.6 105.1 0
51.2 105.4 0
160.4 119.7 0
180 8.9 1
235.3 59.9 1
203.6 39.4 1
114.4 38 1
92 80.5 0
195.9 54.2 1
14.6 20.7 1
193.3 116.3 0
108.6 36.5 1
92.9 32.9 1
240.6 95.8 1
242.7 77.8 1
71.8 19.7 1
178.2 73.5 1
181.5 109 0
101.9 77.8 0
71.7 86.7 0
157.8 97 0
7.7 111.8 0
14 106.3 0
189.3 22.7 1
25.6 63.2 0
236 1.2 1
36 24.1 1
61.8 22.3 1
2.7 84.3 0
136.6 100.1 0
52.2 87.6 0
110.5 89.6 0
148.7 94.8 0
39.9 47.5 0
234 10.5 1
188.3 42.4 1
0.3 25.7 1
238.5 99.6 1
32.4 65.9 0
206.7 111.5 0
168.4 81.2 1
132.9 30 1
133.8 14.6 1
53.8 6.4 1
222.5 69.7 1
9.3 31.4 1
143.1 84.5 0
83.2 2.8 1
80.5 50.4 1
74.1 65.4 0
233.3 109.1 0
237.8 42.7 1
158.6 111.3 0
218.9 60.3 1
22.1 42 0
239.5 10.3 1
237.6 50.2 1
45.1 30.3 1
221.3 84.3 1
8.6 98.3 0
221.3 112.7 0
226.8 58.1 1
174.6 104.6 0
50.3 45.1 1
183.9 16.6 1
5.8 44 0
12.5 118.5 0
177.8 62 1
107.9 50.9 1
149.6 88 0
184.4 55.7 1
98.6 83.9 0
226.7 80.7 1
223.6 43.6 1
170.7 100.2 0
50.6 31.8 1
115.8 0.2 1
18.5 118.8 0
45.2 60.7 0
14.5 31.3 1
96.1 99.4 0
5.3 87.4 0
144.2 34.3 1
81.6 11 1
92 103 0
90.1 67.4 0
148 57.8 1
201.9 80.5 1
235.3 45.7 1
60.6 16.6 1
180.1 37.4 1
187.5 81 1
244.1 66.9 1
163.4 80.5 1
12.4 114.6 0
184.1 60.4 1
25.3 44.4 0
184.2 51.6 1
160.8 112.9 0
245.5 23.5 1
186.4 72.6 1
184.3 89.2 1
204.1 109.3 0
92.1 77.7 0
179.6 40 1
75 41.1 1
13.8 28.5 1
239.1 89.7 1
191.4 117.6 0
108.2 15.8 1
105.9 13.1 1
17.7 70.5 0
4.5 110.8 0
127 43.8 1
140.7 39.8 1
221.7 48 1
86.5 93.2 0
3 105.8 0
218 52.5 1
116.1 88.6 0
220.8 106.6 0
186.4 76.7 1
196.8 70.3 1
249.3 3.5 1
180.3 113.9 0
237.2 92.6 1
244.3 89.5 1
100.8 30.4 1
218.7 47.2 1
84.2 44.4 1
219 78.5 1
205.8 45.2 1
95.9 18.1 1
205.7 67.5 1
48.2 82.3 0
66.6 101 0
60.9 5 1
61.2 9.9 1
78 32.1 1
197.1 70.2 1
27.9 22.9 1
136.5 81.7 0
58.3 64 0
135.6 60.6 1
81.1 90.4 0
158.6 7.4 1
20.7 16.1 1
134.8 47.3 1
179.4 28.9 1
50.8 18 1
150.6 43.8 1
55.6 100 0
192.2 109.8 0
239.9 38.7 1
69.5 60.4 0
180.1 65 1
163 116.9 0
224.8 80.4 1
216.6 64.5 1
137.9 44.9 1
233.6 28.8 1
18.2 78.1 0
205.6 9.1 1
60.1 28.6 1
80.8 63.1 0
58.4 14.5 1
46.8 44.6 1
52.5 37.7 1
73.7 51.5 1
165.8 38.2 1
103.4 93.1 0
42.9 56.1 0
205.1 116.6 0
193.3 29.1 1
27.7 66.7 0
179.1 46.9 1
161.5 68.8 1
190 54.4 1
73.5 112.1 0
57.8 80.5 0
70.1 42.3 1
244.3 30.6 1
8 53 0
102.3 6.5 1
88.6 89.9 0
141.7 59.2 1
85.2 71.9 0
23.5 45 0
231.5 87 1
235.2 49.5 1
125.7 77.1 0
187.7 8.8 1
162.1 107.4 0
229.4 65.9 1
170.5 11.3 1
173.5 8.3 1
136.4 101.1 0
71.9 112.2 0
249.1 69.7 1
165.9 75.4 1
59.4 84.4 0
249.5 48.2 1
174.6 95.2 0
145.8 110.1 0
34.7 34.3 1
50.6 30.2 1
81.1 29 1
155.1 18.3 1
2.2 93.7 0
120.2 99.3 0
168.9 15.1 1
89.3 35.6 1
157.1 100.3 0
108.9 81.6 0
213.4 25.5 1
90 96.1 0
13.5 106 0
85.9 85.6 0
12.6 118.1 0
182.9 17.1 1
124.9 89.2 0
200.2 71.7 1
140.9 29.5 1
117.8 65 1
40.3 44.7 0
46.7 113.4 0
148.3 82.4 0
101.9 70.8 0
50.3 3 1
186.1 108.7 0
138.1 111.5 0
180.8 56.4 1
68.5 86 0
89 3 1
82 37.8 1
113.3 1.6 1
87.7 10.4 1
229.4 63.4 1
93.3 85.3 0
145.8 65.4 1
93.6 36.7 1
100 118.6 0
10.1 7.3 1
158.3 60.6 1
129.9 89.6 0
60 61.5 0
222.7 86.7 1
132.2 44.4 1
203.6 111.1 0
94.2 97.6 0
58.8 99.5 0
233.3 8.2 1
44.8 26.3 1
104.4 35.3 1
10.9 37.5 0
150.3 88.4 0
148.2 64 1
55.5 65.8 0
31.5 44.4 0
30.5 15.7 1
37.4 39 1
134 78.7 0
226.7 78.9 1
196.6 88.3 1
156.2 38.1 1
41.2 119 0
161.4 116.1 0
53.8 79.5 0
86.2 75.6 0
243.8 99.6 1
165.4 16.6 1
212.9 117.9 0
139 106 0
139.2 65 1
230.1 101.8 1
173.6 85.3 1
201.3 95 1
85.3 36.2 1
122.3 93.3 0
123.3 58.2 1
131.8 58.7 1
10 73.6 0
107.6 20.6 1
85.8 33.7 1
71.7 53.6 0
8.7 47.7 0
118.9 24.8 1
39.2 69 0
104.2 28.3 1
53.5 70.9 0
101.3 35.9 1
77.5 36.5 1
248.4 110.3 1
236.3 104.9 1
154.1 86.3 0
128.5 74.7 0
90.4 103.8 0
17.3 59.6 0
56.5 7.4 1
96 91.9 0
61.5 104.6 0
119.6 74.2 0
98.4 21.9 1
202.7 98.7 0
158.5 66 1
135.5 48.7 1
99 92 0
111.8 112 0
46.9 111.1 0
99.1 35.6 1
196.8 25.9 1
161.8 83 0
134.5 106.3 0
154.1 30.5 1
67.1 42.8 1
0.3 35.8 0
146.1 66 1
36.1 119.5 0
143.1 98.9 0
218.4 34.4 1
77 25.9 1
84.3 85 0
75.9 24.6 1
76 13.3 1
162.6 27.9 1
112.9 63.9 1
50.7 20.8 1
239.5 79.8 1
40.6 82.9 0
16.8 8.1 1
61.9 7.6 1
204.5 48.7 1
60.5 57.5 0
242.6 12.1 1
133.5 50.2 1
9.4 49.6 0
84.1 91.5 0
16.5 109.9 0
248.8 101.2 1
110.5 53.5 1
87.3 104.2 0
78.5 20.3 1
35.5 77.6 0
167.2 77.4 1
225.3 83.9 1
101.9 45 1
83.3 34 1
70.9 47.4 1
6.3 114.2 0
174.8 4.4 1
155 77.2 1
213.1 107.2 0
48.6 114.4 0
50.1 18.4 1
15.9 57.9 0
37.8 52.1 0
146.5 29.8 1
188.6 8.8 1
195.1 37.5 1
193.5 24.2 1
166.9 5.7 1
17.4 98 0
121 16.4 1
180.3 72.9 1
237 96.9 1
165.2 107.6 0
51 28.9 1
59.5 104.9 0
222.2 27.7 1
106 14.2 1
228.7 15.1 1
128.2 48.7 1
95.7 6.6 1
199.9 9 1
83.2 15.3 1
15.2 48.1 0
42 46.5 0
43.3 27.6 1
99.1 91 0
228.2 9.8 1
117 38.3 1
234.7 99.7 1
179.2 119.6 0
158.4 0.8 1
96.4 15.7 1
156.2 38.9 1
130.8 107.9 0
86.7 2.9 1
40.6 32.6 1
130.3 119.7 0
0 92.1 0
46.3 17.2 1
161.6 56.3 1
122.2 86.4 0
121.2 119.5 0
122.5 113.1 0
66 115 0
225.9 30.5 1
218.6 67.7 1
21.6 33 1
219.6 13 1
101.5 56.3 1
70.9 32.3 1
21.1 47.4 0
161.2 95.5 0
113.7 47.6 1
69.8 62.3 0
168.9 85.3 0
43.6 47 0
25.9 108.9 0
200.9 113.6 0
78.3 27.1 1
154.9 56.2 1
48 66.4 0
233.7 35.3 1
147.3 116.9 0
190.5 12.9 1
57.4 22.8 1
98.3 5.3 1
65.4 37.5 1
38.4 20.8 1
81.8 38 1
129.5 59.9 1
156.4 14.9 1
26.8 89.1 0
48.5 64.1 0
84.9 71.6 0
165.8 113 0
241.6 6.2 1
12.5 51.6 0
181 0.2 1
