156 96.3 0
153.4 82.4 0
50 42.7 1
223.1 117.8 0
27.2 31.7 1
198.8 103.1 0
226.3 105.8 0
86.2 55.3 1
104.4 54.7 1
141.8 102.1 0
177.2 90.3 0
87.7 58.6 0
75.4 46.5 1
177.6 106.2 0
11.5 11 1
21.3 35.5 1
102 52.3 1
189 115.6 0
149.9 77.5 1
197.7 108.2 0
87.8 50.9 1
200.7 115.4 0
169.6 101.9 0
72.4 43.1 1
210.6 102.4 0
96 46.2 1
86.2 58.4 0
110.9 59.9 1
127.6 64.4 1
37.5 30.1 1
14.8 31.3 1
123.7 83.4 0
205.9 110.7 0
136.2 82.6 0
179.9 93.7 0
76.9 49.8 1
97.9 56.3 1
122.6 62.8 1
159.1 104.3 0
196.2 113.2 0
174.2 111 0
59.3 41.1 1
166.7 105 0
169.4 99.7 0
10.9 26.5 1
192.4 101.4 0
222.9 115.9 0
144.2 92.3 0
15.4 16.7 1
24.2 33.5 1
101.5 58.2 1
103.3 49.9 1
92.4 55.6 1
72.9 40.8 1
70.8 46.5 1
192.1 107.5 0
6.4 33.8 1
173 114.3 0
188.2 98.2 0
157.9 86.3 0
37.2 26.8 1
98.4 69.8 0
237.5 110.8 0
158.8 79.3 1
174.6 90.4 0
210 100.1 0
123.8 64 1
134.8 74 0
202.1 96.4 0
162.2 117.8 0
246.8 116.4 0
173.9 113.1 0
83.5 57.7 0
191.2 120 0
149.9 90.4 0
36.8 41.1 1
189.9 112 0
146.2 80.4 0
97.2 56.7 1
125.9 89.4 0
12.6 13.4 1
88.5 50 1
226.7 105 0
187.9 104.7 0
161.9 90.8 0
71.2 47.9 1
52.6 36.5 1
118.4 64.5 1
134 70.9 1
25.1 22.1 1
158.7 103.5 0
8.6 32.2 1
120.6 67.2 1
242.6 112.1 0
73.9 48.5 1
44.2 42.8 1
55.2 36.6 1
217.9 102.5 0
129.1 69.3 1
6.4 7.2 1
112.7 66.2 1
144.1 74 1
193.3 119.6 0
201.1 109.9 0
30.1 33.9 1
207.6 99.9 0
150.5 77 1
175 114.6 0
149.7 80.9 0
166.3 106.5 0
206 111.5 0
31.3 38.8 1
27.1 20.4 1
234.7 109.1 0
192.8 108.4 0
125.7 81.1 0
247.5 115.8 0
174.2 104.9 0
81.4 40.8 1
199.5 114.7 0
185.7 114.2 0
166.9 109.7 0
215.2 106.4 0
101.3 64.9 0
129.7 78.7 0
84.6 59.6 0
208.7 103.8 0
190.9 108.4 0
132.5 78.7 0
195.9 97.5 0
28.3 25.1 1
51.3 27.7 1
134.2 68.3 1
58.9 44.3 1
145.8 78.2 0
58.1 48.3 1
53.5 40.1 1
165.1 89.4 0
127.5 62.1 1
178.1 118.9 0
124.6 74 0
3.2 26 1
153 90.3 0
178.7 92.7 0
153.3 97.3 0
161.4 87.1 0
7.1 15.4 1
17.7 27.3 1
149.7 99.5 0
98.5 66.8 0
178.3 117 0
91.7 65.7 0
159.8 83.7 0
37.6 40.6 1
195.7 113 0
234.4 115.3 0
200.9 117.3 0
120.9 70.3 0
143 92.3 0
190.2 113.9 0
154.4 75.5 1
223.5 119.6 0
137.6 75.3 0
25.4 35 1
131.4 67.2 1
91.5 57.6 1
126.7 69.2 1
112.4 80.5 0
78 40.2 1
44.8 41 1
213.5 111.4 0
168.2 109.3 0
215.7 118.8 0
19.6 21.2 1
126.4 84.3 0
172.4 107.3 0
176.4 108.1 0
218.4 110.1 0
92.3 57.9 1
234.5 112.1 0
182.9 113.9 0
155.6 100.8 0
66.2 50.9 1
234.3 106.6 0
3 31.1 1
204.3 114.7 0
148.9 75 1
32.2 27 1
36.5 38.1 1
122.2 82.4 0
149.2 78.1 1
64.1 48.6 1
166 85.4 0
190.7 105.8 0
199.8 98.5 0
224.9 112.5 0
139.1 72.2 1
180.2 110.5 0
145.4 74.4 1
218.4 107.6 0
135.5 85.2 0
66.8 44.3 1
169.7 97.3 0
172.5 93.7 0
68.8 44.8 1
40.1 31.7 1
15.7 16.8 1
143.2 93.3 0
112.8 66.5 1
60 35.3 1
150.5 73.2 1
195.1 95.8 0
42.2 20 1
109.3 72.8 0
194.8 102.7 0
34.3 31.6 1
177.8 114.2 0
115.4 58.1 1
47 44.1 1
145.6 77.8 0
41.1 32.7 1
210.5 119.2 0
177.9 96.6 0
60.2 28.6 1
57.7 38.2 1
212.3 101.3 0
69.5 48.1 1
12 13.4 1
230.9 109.2 0
168.9 99.4 0
28.8 36.3 1
227.3 110 0
175 86.1 1
70.8 38.1 1
242.3 118.7 0
89.3 43 1
4.2 15.6 1
128.1 80.8 0
115.4 74.9 0
70.1 38.1 1
104 57.6 1
76.3 53.4 1
184.5 106.4 0
87.1 53.3 1
72.9 48.2 1
41.7 33.5 1
119.8 75.9 0
47.3 22.1 1
177.7 104 0
11.4 18.2 1
160 86.6 0
235.1 112.3 0
5.1 18.9 1
164.7 84.2 0
181.7 109.2 0
121.5 62.5 1
44.1 36 1
143.8 95.7 0
150.7 109 0
13.6 10.5 1
131.9 76.9 0
139.1 75.5 0
189 97.3 0
65.1 31.3 1
117.3 61.8 1
159.2 94.4 0
59.7 35.2 1
100.7 71 0
142.5 91.7 0
62.1 32.5 1
174.6 95.5 0
191.9 118.9 0
219.7 111.4 0
29.6 25.8 1
70.6 33.9 1
49.7 25.9 1
77.7 52.4 1
129.8 82.8 0
206.1 119.6 0
4.9 20.9 1
64.7 34.4 1
150.2 91 0
189.7 92.6 0
9.8 19.1 1
156.8 106.1 0
5.1 19.9 1
168 101.4 0
190.9 105.6 0
200.9 113 0
15.8 25.7 1
143.9 89.5 0
183.6 116.8 0
168.4 100.1 0
84.4 56.3 1
124.3 78.6 0
194 103.4 0
22.3 23.3 1
81.9 56.6 0
44.1 39.3 1
156.9 96.6 0
1.5 19.7 1
223.3 114.2 0
226.2 110.8 0
94.5 45.8 1
149.4 81.2 0
141.5 78.8 0
122.9 80.7 0
178.6 105.1 0
14.6 20.7 1
193.3 116.3 0
181.5 109 0
157.8 97 0
36 24.1 1
148.7 94.8 0
0.3 25.7 1
206.7 111.5 0
9.3 31.4 1
143.1 84.5 0
80.5 50.4 1
233.3 109.1 0
45.1 30.3 1
221.3 112.7 0
174.6 104.6 0
50.3 45.1 1
149.6 88 0
170.7 100.2 0
14.5 31.3 1
163.4 80.5 1
204.1 109.3 0
75 41.1 1
13.8 28.5 1
191.4 117.6 0
220.8 106.6 0
180.3 113.9 0
84.2 44.4 1
27.9 22.9 1
136.5 81.7 0
20.7 16.1 1
192.2 109.8 0
163 116.9 0
60.1 28.6 1
46.8 44.6 1
52.5 37.7 1
73.7 51.5 1
205.1 116.6 0
70.1 42.3 1
125.7 77.1 0
162.1 107.4 0
174.6 95.2 0
34.7 34.3 1
50.6 30.2 1
157.1 100.3 0
124.9 89.2 0
117.8 65 1
148.3 82.4 0
101.9 70.8 0
186.1 108.7 0
10.1 7.3 1
203.6 111.1 0
150.3 88.4 0
37.4 39 1
134 78.7 0
161.4 116.1 0
212.9 117.9 0
173.6 85.3 1
154.1 86.3 0
128.5 74.7 0
119.6 74.2 0
202.7 98.7 0
161.8 83 0
67.1 42.8 1
112.9 63.9 1
110.5 53.5 1
70.9 47.4 1
155 77.2 1
213.1 107.2 0
165.2 107.6 0
51 28.9 1
179.2 119.6 0
40.6 32.6 1
122.2 86.4 0
21.6 33 1
101.5 56.3 1
161.2 95.5 0
168.9 85.3 0
200.9 113.6 0
65.4 37.5 1
156 96.3 1
