156 96.3 0 0.25679386
153.4 82.4 0 0.26584715
50 42.7 1 0.071099447
223.1 117.8 0 0.32213633
27.2 31.7 1 0.0001423759
198.8 103.1 0 0.5046399
226.3 105.8 0 0.94583102
86.2 55.3 1 0.55265141
104.4 54.7 1 0.44107315
141.8 102.1 0 0.26108976
177.2 90.3 0 0.51830401
87.7 58.6 0 0.65803583
75.4 46.5 1 0.487233
177.6 106.2 0 0.25572796
11.5 11 1 0.65646552
21.3 35.5 1 7.1792538e-07
102 52.3 1 0.50833244
189 115.6 0 0.25575128
149.9 77.5 1 0.50480633
197.7 108.2 0 0.25574853
87.8 50.9 1 0.27793966
200.7 115.4 0 0.25568439
169.6 101.9 0 0.25578949
72.4 43.1 1 0.39865732
210.6 102.4 0 0.85953517
96 46.2 1 0.64078058
86.2 58.4 0 0.34159247
110.9 59.9 1 0.27240502
127.6 64.4 1 0.51828403
37.5 30.1 1 0.10568622
14.8 31.3 1 4.9525592e-05
123.7 83.4 0 0.36423419
205.9 110.7 0 0.25779102
136.2 82.6 0 0.25770871
179.9 93.7 0 0.48419337
76.9 49.8 1 0.70519083
97.9 56.3 1 0.26301119
122.6 62.8 1 0.51257173
159.1 104.3 0 0.2754588
196.2 113.2 0 0.25568497
174.2 111 0 0.25754996
59.3 41.1 1 0.31296961
166.7 105 0 0.2572352
169.4 99.7 0 0.255721
10.9 26.5 1 0.000210175
192.4 101.4 0 0.3598598
222.9 115.9 0 0.49875343
144.2 92.3 0 0.26886371
15.4 16.7 1 0.36909206
24.2 33.5 1 1.7912231e-06
101.5 58.2 1 0.26055759
103.3 49.9 1 0.56856384
92.4 55.6 1 0.29659604
72.9 40.8 1 0.3009417
70.8 46.5 1 0.78779813
192.1 107.5 0 0.25568487
6.4 33.8 1 0.00017438288
173 114.3 0 0.27142843
188.2 98.2 0 0.47378505
157.9 86.3 0 0.25620568
37.2 26.8 1 0.14266209
98.4 69.8 0 0.27644797
237.5 110.8 0 0.94583112
158.8 79.3 1 0.51881285
174.6 90.4 0 0.50552265
210 100.1 0 0.94567487
123.8 64 1 0.49993848
134.8 74 0 0.25650846
202.1 96.4 0 0.94554158
162.2 117.8 0 0.23976422
246.8 116.4 0 0.94583063
173.9 113.1 0 0.26177051
83.5 57.7 0 0.2510985
191.2 120 0 0.25595701
149.9 90.4 0 0.25625242
36.8 41.1 1 0.0014574013
189.9 112 0 0.25569137
146.2 80.4 0 0.25603427
97.2 56.7 1 0.2672872
125.9 89.4 0 0.23584604
12.6 13.4 1 0.53078049
88.5 50 1 0.26720886
226.7 105 0 0.94583114
187.9 104.7 0 0.25568681
161.9 90.8 0 0.25569563
71.2 47.9 1 0.52111967
52.6 36.5 1 0.32551159
118.4 64.5 1 0.2604659
134 70.9 1 0.35168786
25.1 22.1 1 0.28367356
158.7 103.5 0 0.27104426
8.6 32.2 1 0.00016528154
120.6 67.2 1 0.25623343
242.6 112.1 0 0.94583114
73.9 48.5 1 0.77090466
44.2 42.8 1 0.074522818
55.2 36.6 1 0.752904
217.9 102.5 0 0.94582955
129.1 69.3 1 0.27630822
6.4 7.2 1 0.23154498
112.7 66.2 1 0.25954855
144.1 74 1 0.51315894
193.3 119.6 0 0.2557836
201.1 109.9 0 0.25575935
30.1 33.9 1 0.0017515536
207.6 99.9 0 0.94262806
150.5 77 1 0.51607947
175 114.6 0 0.26425131
149.7 80.9 0 0.26011757
166.3 106.5 0 0.25955972
206 111.5 0 0.25617778
31.3 38.8 1 4.6471354e-06
27.1 20.4 1 0.27259908
234.7 109.1 0 0.94583113
192.8 108.4 0 0.2556844
125.7 81.1 0 0.30720428
247.5 115.8 0 0.94583111
174.2 104.9 0 0.25576753
81.4 40.8 1 0.51506761
199.5 114.7 0 0.25568447
185.7 114.2 0 0.25580078
166.9 109.7 0 0.27132855
215.2 106.4 0 0.50683741
101.3 64.9 0 0.40044959
129.7 78.7 0 0.25902611
84.6 59.6 0 0.28279159
208.7 103.8 0 0.51912779
190.9 108.4 0 0.25568458
132.5 78.7 0 0.25683087
195.9 97.5 0 0.51899
28.3 25.1 1 0.20145086
51.3 27.7 1 0.5871095
134.2 68.3 1 0.51696172
58.9 44.3 1 0.065342649
145.8 78.2 0 0.2710676
58.1 48.3 1 0.067417226
53.5 40.1 1 0.067905377
165.1 89.4 0 0.25758173
127.5 62.1 1 0.41791649
178.1 118.9 0 0.27802638
124.6 74 0 0.25783744
3.2 26 1 0.00036328384
153 90.3 0 0.255849
178.7 92.7 0 0.50105976
153.3 97.3 0 0.26086345
161.4 87.1 0 0.2595099
7.1 15.4 1 0.00010372601
17.7 27.3 1 3.4965789e-06
149.7 99.5 0 0.31619865
98.5 66.8 0 0.28090194
178.3 117 0 0.26390876
91.7 65.7 0 0.26397547
159.8 83.7 0 0.44016313
37.6 40.6 1 0.017582916
195.7 113 0 0.25568508
234.4 115.3 0 0.43721097
200.9 117.3 0 0.25568539
120.9 70.3 0 0.25703865
143 92.3 0 0.276496
190.2 113.9 0 0.25570168
154.4 75.5 1 0.39057298
223.5 119.6 0 0.2595277
137.6 75.3 0 0.2567886
25.4 35 1 1.5000823e-06
131.4 67.2 1 0.51469547
91.5 57.6 1 0.40502838
126.7 69.2 1 0.25808254
112.4 80.5 0 0.2753426
78 40.2 1 0.50108547
44.8 41 1 0.075326094
213.5 111.4 0 0.47679995
168.2 109.3 0 0.26346692
215.7 118.8 0 0.25569023
19.6 21.2 1 0.24925387
126.4 84.3 0 0.42636525
172.4 107.3 0 0.25624928
176.4 108.1 0 0.2558678
218.4 110.1 0 0.51912366
92.3 57.9 1 0.38570393
234.5 112.1 0 0.94571619
182.9 113.9 0 0.2559769
155.6 100.8 0 0.26841706
66.2 50.9 1 0.064897508
234.3 106.6 0 0.94583114
3 31.1 1 0.00026856594
204.3 114.7 0 0.25568399
148.9 75 1 0.51890933
32.2 27 1 0.14883358
36.5 38.1 1 0.085404206
122.2 82.4 0 0.36552769
149.2 78.1 1 0.44576691
64.1 48.6 1 0.064506814
166 85.4 0 0.51382299
190.7 105.8 0 0.25568947
199.8 98.5 0 0.47057458
224.9 112.5 0 0.51931214
139.1 72.2 1 0.49200679
180.2 110.5 0 0.25582969
145.4 74.4 1 0.51564596
218.4 107.6 0 0.46372935
135.5 85.2 0 0.26559776
66.8 44.3 1 0.7653573
169.7 97.3 0 0.25569356
172.5 93.7 0 0.25651331
68.8 44.8 1 0.78844031
40.1 31.7 1 0.093253565
15.7 16.8 1 0.43965535
143.2 93.3 0 0.28763897
112.8 66.5 1 0.26001335
60 35.3 1 0.53837572
150.5 73.2 1 0.58338506
195.1 95.8 0 0.40241943
42.2 20 1 0.69077842
109.3 72.8 0 0.54204544
194.8 102.7 0 0.35439224
34.3 31.6 1 0.11403095
177.8 114.2 0 0.25808334
115.4 58.1 1 0.51796282
47 44.1 1 0.072100638
145.6 77.8 0 0.28195341
41.1 32.7 1 0.089108292
210.5 119.2 0 0.25568382
177.9 96.6 0 0.25640251
60.2 28.6 1 0.61264578
57.7 38.2 1 0.77433806
212.3 101.3 0 0.94564109
69.5 48.1 1 0.2899069
12 13.4 1 0.18937547
230.9 109.2 0 0.94582741
168.9 99.4 0 0.25572246
28.8 36.3 1 4.1457956e-06
227.3 110 0 0.93566563
175 86.1 1 0.42931664
70.8 38.1 1 0.35069242
242.3 118.7 0 0.50184141
89.3 43 1 0.55678829
4.2 15.6 1 0.00056199176
128.1 80.8 0 0.27355182
115.4 74.9 0 0.36514602
70.1 38.1 1 0.32760873
104 57.6 1 0.25845062
76.3 53.4 1 0.28630127
184.5 106.4 0 0.2556872
87.1 53.3 1 0.34960062
72.9 48.2 1 0.77164135
41.7 33.5 1 0.086729329
119.8 75.9 0 0.29079942
177.7 104 0 0.25569761
11.4 18.2 1 1.4128243e-05
160 86.6 0 0.25812782
235.1 112.3 0 0.94574549
5.1 18.9 1 0.00047323643
164.7 84.2 0 0.5171796
181.7 109.2 0 0.25572616
121.5 62.5 1 0.50805455
44.1 36 1 0.079920824
143.8 95.7 0 0.33741302
150.7 109 0 0.25765826
13.6 10.5 1 0.65364831
131.9 76.9 0 0.25626248
139.1 75.5 0 0.25903543
189 97.3 0 0.51505479
65.1 31.3 1 0.41480466
117.3 61.8 1 0.3981663
159.2 94.4 0 0.255808
59.7 35.2 1 0.55138939
100.7 71 0 0.25931462
142.5 91.7 0 0.27426376
62.1 32.5 1 0.50824712
174.6 95.5 0 0.25589652
191.9 118.9 0 0.25580321
219.7 111.4 0 0.51904117
29.6 25.8 1 0.18076896
70.6 33.9 1 0.46843222
49.7 25.9 1 0.6758981
77.7 52.4 1 0.46286553
129.8 82.8 0 0.28142903
206.1 119.6 0 0.25568444
4.9 20.9 1 0.00043529752
64.7 34.4 1 0.43397838
150.2 91 0 0.25637173
189.7 92.6 0 0.56160071
9.8 19.1 1 6.6861078e-06
156.8 106.1 0 0.21269685
5.1 19.9 1 0.00045203858
168 101.4 0 0.25583493
190.9 105.6 0 0.25569391
200.9 113 0 0.25568403
15.8 25.7 1 3.2552222e-06
143.9 89.5 0 0.2592485
183.6 116.8 0 0.25666455
168.4 100.1 0 0.25575069
84.4 56.3 1 0.68595524
124.3 78.6 0 0.28058239
194 103.4 0 0.27186002
22.3 23.3 1 0.29043203
81.9 56.6 0 0.25589887
44.1 39.3 1 0.077249185
156.9 96.6 0 0.25660043
1.5 19.7 1 0.00042324406
223.3 114.2 0 0.518596
226.2 110.8 0 0.47164904
94.5 45.8 1 0.41004317
149.4 81.2 0 0.25752514
141.5 78.8 0 0.25578602
122.9 80.7 0 0.37364864
178.6 105.1 0 0.25570095
14.6 20.7 1 1.8671124e-05
193.3 116.3 0 0.25570234
181.5 109 0 0.2557251
157.8 97 0 0.25648019
36 24.1 1 0.67653811
148.7 94.8 0 0.2641074
0.3 25.7 1 0.00013343301
206.7 111.5 0 0.25669037
9.3 31.4 1 0.00016608034
143.1 84.5 0 0.25606467
80.5 50.4 1 0.49235631
233.3 109.1 0 0.94583107
45.1 30.3 1 0.55301177
221.3 112.7 0 0.5189078
174.6 104.6 0 0.25574546
50.3 45.1 1 0.070236072
149.6 88 0 0.25587198
170.7 100.2 0 0.25571296
14.5 31.3 1 8.4327685e-05
163.4 80.5 1 0.45094387
204.1 109.3 0 0.26077233
75 41.1 1 0.29579708
13.8 28.5 1 1.5288302e-05
191.4 117.6 0 0.25575838
220.8 106.6 0 0.94022439
180.3 113.9 0 0.25647595
84.2 44.4 1 0.41311987
27.9 22.9 1 0.22997882
136.5 81.7 0 0.25682656
20.7 16.1 1 0.46310743
192.2 109.8 0 0.25568475
163 116.9 0 0.21718127
60.1 28.6 1 0.57592769
46.8 44.6 1 0.071966818
52.5 37.7 1 0.12120006
73.7 51.5 1 0.2887541
205.1 116.6 0 0.25568394
70.1 42.3 1 0.4701537
125.7 77.1 0 0.26251337
162.1 107.4 0 0.28582001
174.6 95.2 0 0.25606461
34.7 34.3 1 0.10303794
50.6 30.2 1 0.7609062
157.1 100.3 0 0.26125675
124.9 89.2 0 0.25836564
117.8 65 1 0.25694634
148.3 82.4 0 0.25576007
101.9 70.8 0 0.21003892
186.1 108.7 0 0.25568982
10.1 7.3 1 0.73839943
203.6 111.1 0 0.25577712
150.3 88.4 0 0.25586028
37.4 39 1 0.08272922
134 78.7 0 0.25633075
161.4 116.1 0 0.23549208
212.9 117.9 0 0.25568589
173.6 85.3 1 0.40661348
154.1 86.3 0 0.25570883
128.5 74.7 0 0.25637795
