
32.5587 74.6564 0

32.5586 74.6564 0

32.5585 74.6564 0

32.5584 74.6564 0

32.5583 74.6564 0

32.5582 74.6564 0

32.5581 74.6564 0

32.558 74.6564 0

32.5579 74.6564 0

32.5578 74.6564 1

32.5577 74.6564 1

32.5576 74.6564 1

32.5575 74.6564 1

32.5574 74.6564 1

32.5573 74.6564 1

32.5572 74.6564 1

32.5571 74.6564 1

32.557 74.6564 1

32.5569 74.6564 1

32.5568 74.6564 1

32.5567 74.6564 1

32.5587 74.6565 0

32.5586 74.6565 0

32.5585 74.6565 0

32.5584 74.6565 0

32.5583 74.6565 0

32.5582 74.6565 0

32.5581 74.6565 0

32.558 74.6565 0

32.5579 74.6565 0

32.5578 74.6565 0

32.5577 74.6565 1

32.5576 74.6565 1

32.5575 74.6565 1

32.5574 74.6565 1

32.5573 74.6565 1

32.5572 74.6565 1

32.5571 74.6565 1

32.557 74.6565 1

32.5569 74.6565 1

32.5568 74.6565 1

32.5567 74.6565 1

32.5587 74.6566 0

32.5586 74.6566 0

32.5585 74.6566 0

32.5584 74.6566 0

32.5583 74.6566 0

32.5582 74.6566 0

32.5581 74.6566 0

32.558 74.6566 0

32.5579 74.6566 0

32.5578 74.6566 0

32.5577 74.6566 1

32.5576 74.6566 1

32.5575 74.6566 1

32.5574 74.6566 1

32.5573 74.6566 1

32.5572 74.6566 1

32.5571 74.6566 1

32.557 74.6566 1

32.5569 74.6566 1

32.5568 74.6566 1

32.5567 74.6566 1

32.5587 74.6567 0

32.5586 74.6567 0

32.5585 74.6567 0

32.5584 74.6567 0

32.5583 74.6567 0

32.5582 74.6567 0

32.5581 74.6567 0

32.558 74.6567 0

32.5579 74.6567 0

32.5578 74.6567 0

32.5577 74.6567 0

32.5576 74.6567 1

32.5575 74.6567 1

32.5574 74.6567 1

32.5573 74.6567 1

32.5572 74.6567 1

32.5571 74.6567 1

32.557 74.6567 1

32.5569 74.6567 1

32.5568 74.6567 1

32.5567 74.6567 1

32.5587 74.6568 0

32.5586 74.6568 0

32.5585 74.6568 0

32.5584 74.6568 0

32.5583 74.6568 0

32.5582 74.6568 0

32.5581 74.6568 0

32.558 74.6568 0

32.5579 74.6568 0

32.5578 74.6568 0

32.5577 74.6568 0

32.5576 74.6568 1

32.5575 74.6568 1

32.5574 74.6568 1

32.5573 74.6568 1

32.5572 74.6568 1

32.5571 74.6568 1

32.557 74.6568 1

32.5569 74.6568 1

32.5568 74.6568 1

32.5567 74.6568 1

32.5587 74.6569 0

32.5586 74.6569 0

32.5585 74.6569 0

32.5584 74.6569 0

32.5583 74.6569 0

32.5582 74.6569 0

32.5581 74.6569 0

32.558 74.6569 0

32.5579 74.6569 0

32.5578 74.6569 0

32.5577 74.6569 0

32.5576 74.6569 0

32.5575 74.6569 1

32.5574 74.6569 1

32.5573 74.6569 1

32.5572 74.6569 1

32.5571 74.6569 1

32.557 74.6569 1

32.5569 74.6569 1

32.5568 74.6569 1

32.5567 74.6569 1

32.5587 74.657 0

32.5586 74.657 0

32.5585 74.657 0

32.5584 74.657 0

32.5583 74.657 0

32.5582 74.657 0

32.5581 74.657 0

32.558 74.657 0

32.5579 74.657 0

32.5578 74.657 0

32.5577 74.657 0

32.5576 74.657 0

32.5575 74.657 1

32.5574 74.657 1

32.5573 74.657 1

32.5572 74.657 1

32.5571 74.657 1

32.557 74.657 1

32.5569 74.657 1

32.5568 74.657 1

32.5567 74.657 1

32.5587 74.6571 0

32.5586 74.6571 0

32.5585 74.6571 0

32.5584 74.6571 0

32.5583 74.6571 0

32.5582 74.6571 0

32.5581 74.6571 0

32.558 74.6571 0

32.5579 74.6571 0

32.5578 74.6571 0

32.5577 74.6571 0

32.5576 74.6571 0

32.5575 74.6571 0

32.5574 74.6571 1

32.5573 74.6571 1

32.5572 74.6571 1

32.5571 74.6571 1

32.557 74.6571 1

32.5569 74.6571 1

32.5568 74.6571 1

32.5567 74.6571 1

32.5587 74.6572 0

32.5586 74.6572 0

32.5585 74.6572 0

32.5584 74.6572 0

32.5583 74.6572 0

32.5582 74.6572 0

32.5581 74.6572 0

32.558 74.6572 0

32.5579 74.6572 0

32.5578 74.6572 0

32.5577 74.6572 0

32.5576 74.6572 0

32.5575 74.6572 0

32.5574 74.6572 1

32.5573 74.6572 1

32.5572 74.6572 1

32.5571 74.6572 1

32.557 74.6572 1

32.5569 74.6572 1

32.5568 74.6572 1

32.5567 74.6572 1

32.5587 74.6573 0

32.5586 74.6573 0

32.5585 74.6573 0

32.5584 74.6573 0

32.5583 74.6573 0

32.5582 74.6573 0

32.5581 74.6573 0

32.558 74.6573 0

32.5579 74.6573 0

32.5578 74.6573 0

32.5577 74.6573 0

32.5576 74.6573 0

32.5575 74.6573 1

32.5574 74.6573 1

32.5573 74.6573 1

32.5572 74.6573 1

32.5571 74.6573 1

32.557 74.6573 1

32.5569 74.6573 1

32.5568 74.6573 1

32.5567 74.6573 1

32.5587 74.6574 0

32.5586 74.6574 0

32.5585 74.6574 0

32.5584 74.6574 0

32.5583 74.6574 0

32.5582 74.6574 0

32.5581 74.6574 0

32.558 74.6574 0

32.5579 74.6574 0

32.5578 74.6574 0

32.5577 74.6574 0

32.5576 74.6574 1

32.5575 74.6574 1

32.5574 74.6574 1

32.5573 74.6574 1

32.5572 74.6574 1

32.5571 74.6574 1

32.557 74.6574 1

32.5569 74.6574 1

32.5568 74.6574 1

32.5567 74.6574 1

32.5587 74.6575 0

32.5586 74.6575 0

32.5585 74.6575 0

32.5584 74.6575 0

32.5583 74.6575 0

32.5582 74.6575 0

32.5581 74.6575 0

32.558 74.6575 0

32.5579 74.6575 0

32.5578 74.6575 1

32.5577 74.6575 1

32.5576 74.6575 1

32.5575 74.6575 1

32.5574 74.6575 1

32.5573 74.6575 1

32.5572 74.6575 1

32.5571 74.6575 1

32.557 74.6575 1

32.5569 74.6575 1

32.5568 74.6575 1

32.5567 74.6575 1

32.5587 74.6576 0

32.5586 74.6576 0

32.5585 74.6576 0

32.5584 74.6576 0

32.5583 74.6576 0

32.5582 74.6576 0

32.5581 74.6576 0

32.558 74.6576 0

32.5579 74.6576 1

32.5578 74.6576 1

32.5577 74.6576 1

32.5576 74.6576 1

32.5575 74.6576 1

32.5574 74.6576 1

32.5573 74.6576 1

32.5572 74.6576 1

32.5571 74.6576 1

32.557 74.6576 1

32.5569 74.6576 1

32.5568 74.6576 1

32.5567 74.6576 1

32.5587 74.6577 0

32.5586 74.6577 0

32.5585 74.6577 0

32.5584 74.6577 0

32.5583 74.6577 0

32.5582 74.6577 0

32.5581 74.6577 0

32.558 74.6577 1

32.5579 74.6577 1

32.5578 74.6577 1

32.5577 74.6577 1

32.5576 74.6577 1

32.5575 74.6577 1

32.5574 74.6577 1

32.5573 74.6577 1

32.5572 74.6577 1

32.5571 74.6577 1

32.557 74.6577 1

32.5569 74.6577 1

32.5568 74.6577 1

32.5567 74.6577 1

32.5587 74.6578 0

32.5586 74.6578 0

32.5585 74.6578 0

32.5584 74.6578 0

32.5583 74.6578 0

32.5582 74.6578 1

32.5581 74.6578 1

32.558 74.6578 1

32.5579 74.6578 1

32.5578 74.6578 1

32.5577 74.6578 1

32.5576 74.6578 1

32.5575 74.6578 1

32.5574 74.6578 1

32.5573 74.6578 1

32.5572 74.6578 1

32.5571 74.6578 1

32.557 74.6578 1

32.5569 74.6578 1

32.5568 74.6578 1

32.5567 74.6578 1

32.5587 74.6579 0

32.5586 74.6579 0

32.5585 74.6579 0

32.5584 74.6579 0

32.5583 74.6579 1

32.5582 74.6579 1

32.5581 74.6579 1

32.558 74.6579 1

32.5579 74.6579 1

32.5578 74.6579 1

32.5577 74.6579 1

32.5576 74.6579 1

32.5575 74.6579 1

32.5574 74.6579 1

32.5573 74.6579 1

32.5572 74.6579 1

32.5571 74.6579 1

32.557 74.6579 1

32.5569 74.6579 1

32.5568 74.6579 1

32.5567 74.6579 1

32.5587 74.658 0

32.5586 74.658 0

32.5585 74.658 0

32.5584 74.658 1

32.5583 74.658 1

32.5582 74.658 1

32.5581 74.658 1

32.558 74.658 1

32.5579 74.658 1

32.5578 74.658 1

32.5577 74.658 1

32.5576 74.658 1

32.5575 74.658 1

32.5574 74.658 1

32.5573 74.658 1

32.5572 74.658 1

32.5571 74.658 1

32.557 74.658 1

32.5569 74.658 1

32.5568 74.658 1

32.5567 74.658 1

32.5587 74.6581 0

32.5586 74.6581 1

32.5585 74.6581 1

32.5584 74.6581 1

32.5583 74.6581 1

32.5582 74.6581 1

32.5581 74.6581 1

32.558 74.6581 1

32.5579 74.6581 1

32.5578 74.6581 1

32.5577 74.6581 1

32.5576 74.6581 1

32.5575 74.6581 1

32.5574 74.6581 1

32.5573 74.6581 1

32.5572 74.6581 1

32.5571 74.6581 1

32.557 74.6581 1

32.5569 74.6581 1

32.5568 74.6581 1

32.5567 74.6581 1

32.5587 74.6582 1

32.5586 74.6582 1

32.5585 74.6582 1

32.5584 74.6582 1

32.5583 74.6582 1

32.5582 74.6582 1

32.5581 74.6582 1

32.558 74.6582 1

32.5579 74.6582 1

32.5578 74.6582 1

32.5577 74.6582 1

32.5576 74.6582 1

32.5575 74.6582 1

32.5574 74.6582 1

32.5573 74.6582 1

32.5572 74.6582 1

32.5571 74.6582 1

32.557 74.6582 1

32.5569 74.6582 1

32.5568 74.6582 1

32.5567 74.6582 1

32.5587 74.6583 1

32.5586 74.6583 1

32.5585 74.6583 1

32.5584 74.6583 1

32.5583 74.6583 1

32.5582 74.6583 1

32.5581 74.6583 1

32.558 74.6583 1

32.5579 74.6583 1

32.5578 74.6583 1

32.5577 74.6583 1

32.5576 74.6583 1

32.5575 74.6583 1

32.5574 74.6583 1

32.5573 74.6583 1

32.5572 74.6583 1

32.5571 74.6583 1

32.557 74.6583 1

32.5569 74.6583 1

32.5568 74.6583 1

32.5567 74.6583 1

32.5587 74.6584 1

32.5586 74.6584 1

32.5585 74.6584 1

32.5584 74.6584 1

32.5583 74.6584 1

32.5582 74.6584 1

32.5581 74.6584 1

32.558 74.6584 1

32.5579 74.6584 1

32.5578 74.6584 1

32.5577 74.6584 1

32.5576 74.6584 1

32.5575 74.6584 1

32.5574 74.6584 1

32.5573 74.6584 1

32.5572 74.6584 1

32.5571 74.6584 1

32.557 74.6584 1

32.5569 74.6584 1

32.5568 74.6584 1

32.5567 74.6584 1
___________________________________________________________________________

32.5585 74.6581 1

32.5584 74.6581 1

32.5586 74.658 0

32.5586 74.6581 1

32.5587 74.658 0

32.5587 74.6581 0

32.5587 74.6582 1

32.5586 74.6582 1

32.5588 74.6581 0

32.5588 74.6582 0

32.5588 74.6583 1

32.5587 74.6583 1

32.5589 74.6582 0

32.5589 74.6583 0

32.5589 74.6584 0

32.5588 74.6584 1

32.5589 74.6585 1

32.5588 74.6585 1

32.559 74.6584 0

32.559 74.6585 0

32.559 74.6586 1

32.5589 74.6586 1

32.5591 74.6585 0

32.5591 74.6586 0

32.5591 74.6587 0

32.559 74.6587 1

32.5591 74.6588 1

32.559 74.6588 1

32.5592 74.6587 0

32.5592 74.6588 0

32.5592 74.6589 0

32.5591 74.6589 1

32.5592 74.659 1

32.5591 74.659 1

32.5593 74.6589 0

32.5593 74.659 0

32.5593 74.6591 1

32.5592 74.6591 1

32.5594 74.659 0

32.5594 74.6591 0

32.5594 74.6592 0

32.5593 74.6592 1

32.5594 74.6593 1

32.5593 74.6593 1

32.5595 74.6592 0

32.5595 74.6593 0

32.5595 74.6594 1

32.5594 74.6594 1

32.5596 74.6593 0

32.5596 74.6594 0

32.5596 74.6595 0

32.5595 74.6595 1

32.5596 74.6596 1

32.5595 74.6596 1

32.5597 74.6595 0

32.5597 74.6596 0

32.5597 74.6597 1

32.5596 74.6597 1

32.5598 74.6596 0

32.5598 74.6597 0

32.5598 74.6598 0

32.5597 74.6598 1

32.5598 74.6599 1

32.5597 74.6599 1

32.5599 74.6598 0

32.5599 74.6599 0

32.5599 74.66 0

32.5598 74.66 1

32.5599 74.6601 0

32.5598 74.6601 1

32.5599 74.6602 1

32.5598 74.6602 1

32.56 74.6601 0

32.56 74.6602 0

32.56 74.6603 0

32.5599 74.6603 1

32.56 74.6604 0

32.5599 74.6604 1

32.56 74.6605 1

32.5599 74.6605 1

32.5601 74.6604 0

32.5601 74.6605 0

32.5601 74.6606 0

32.56 74.6606 1

32.5601 74.6607 0

32.56 74.6607 1

32.5601 74.6608 1

32.56 74.6608 1

32.5602 74.6607 0

32.5602 74.6608 0

32.5602 74.6609 0

32.5601 74.6609 1

32.5602 74.661 0

32.5601 74.661 1

32.5602 74.6611 1

32.5601 74.6611 1

32.5603 74.661 0

32.5603 74.6611 0

32.5603 74.6612 0

32.5602 74.6612 1

32.5603 74.6613 0

32.5602 74.6613 1

32.5603 74.6614 1

32.5602 74.6614 1

32.5604 74.6613 0

32.5604 74.6614 0

32.5604 74.6615 0

32.5603 74.6615 1

32.5604 74.6616 0

32.5603 74.6616 1

32.5604 74.6617 1

32.5603 74.6617 1

32.5605 74.6616 0

32.5605 74.6617 0

32.5605 74.6618 0

32.5604 74.6618 1

32.5605 74.6619 0

32.5604 74.6619 1

32.5605 74.662 0

32.5604 74.662 1

32.5605 74.6621 0

32.5604 74.6621 1

32.5605 74.6622 0

32.5604 74.6622 1

32.5605 74.6623 0

32.5604 74.6623 1

32.5605 74.6624 0

32.5604 74.6624 1

32.5605 74.6625 0

32.5604 74.6625 1

32.5605 74.6626 0

32.5604 74.6626 1

32.5605 74.6627 0

32.5604 74.6627 1

32.5605 74.6628 0

32.5604 74.6628 1

32.5605 74.6629 0

32.5604 74.6629 1

32.5605 74.663 0

32.5604 74.663 1

32.5605 74.6631 0

32.5604 74.6631 1

32.5605 74.6632 0

32.5604 74.6632 1

32.5605 74.6633 0

32.5604 74.6633 1

32.5605 74.6634 0

32.5604 74.6634 1

32.5605 74.6635 0

32.5604 74.6635 1

32.5605 74.6636 0

32.5604 74.6636 1

32.5605 74.6637 0

32.5604 74.6637 1

32.5605 74.6638 0

32.5604 74.6638 1

32.5605 74.6639 0

32.5604 74.6639 1

32.5605 74.664 0

32.5604 74.664 1

32.5605 74.6641 0

32.5604 74.6641 1

32.5605 74.6642 0

32.5604 74.6642 1

32.5605 74.6643 1

32.5604 74.6643 1

32.5606 74.6642 0

32.5606 74.6643 0

32.5606 74.6644 0

32.5605 74.6644 1

32.5606 74.6645 0

32.5605 74.6645 1

32.5606 74.6646 0

32.5605 74.6646 1

32.5606 74.6647 0

32.5605 74.6647 1

32.5606 74.6648 0

32.5605 74.6648 1

32.5606 74.6649 0

32.5605 74.6649 1

32.5606 74.665 0

32.5605 74.665 1

32.5606 74.6651 0

32.5605 74.6651 1

32.5606 74.6652 0

32.5605 74.6652 1

32.5606 74.6653 0

32.5605 74.6653 1

32.5606 74.6654 0

32.5605 74.6654 1

32.5606 74.6655 0

32.5605 74.6655 1

32.5606 74.6656 0

32.5605 74.6656 1

32.5606 74.6657 0

32.5605 74.6657 1

32.5606 74.6658 0

32.5605 74.6658 1

32.5606 74.6659 0

32.5605 74.6659 1

32.5606 74.666 0

32.5605 74.666 1

32.5606 74.6661 0

32.5605 74.6661 1

32.5606 74.6662 0

32.5605 74.6662 1

32.5606 74.6663 0

32.5605 74.6663 1

32.5606 74.6664 0

32.5605 74.6664 1

32.5606 74.6665 0

32.5605 74.6665 1

32.5606 74.6666 0

32.5605 74.6666 1

32.5606 74.6667 0

32.5605 74.6667 1

32.5606 74.6668 0

32.5605 74.6668 1

32.5606 74.6669 0

32.5605 74.6669 1

32.5606 74.667 0

32.5605 74.667 0

32.5604 74.667 1

32.5604 74.6669 1

32.5605 74.6671 0

32.5604 74.6671 0

32.5603 74.6671 1

32.5603 74.667 1

32.5604 74.6672 0

32.5603 74.6672 1

32.5604 74.6673 0

32.5603 74.6673 0

32.5602 74.6673 1

32.5602 74.6672 1

32.5603 74.6674 0

32.5602 74.6674 0

32.5601 74.6674 1

32.5601 74.6673 1

32.5602 74.6675 0

32.5601 74.6675 0

32.56 74.6675 1

32.56 74.6674 1

32.5601 74.6676 0

32.56 74.6676 0

32.5599 74.6676 1

32.5599 74.6675 1

32.56 74.6677 0

32.5599 74.6677 1

32.56 74.6678 0

32.5599 74.6678 0

32.5598 74.6678 1

32.5598 74.6677 1

32.5599 74.6679 0

32.5598 74.6679 0

32.5597 74.6679 1

32.5597 74.6678 1

32.5598 74.668 0

32.5597 74.668 0

32.5596 74.668 1

32.5596 74.6679 1

32.5597 74.6681 0

32.5596 74.6681 0

32.5595 74.6681 1

32.5595 74.668 1

32.5596 74.6682 0

32.5595 74.6682 1

32.5596 74.6683 0

32.5595 74.6683 0

32.5594 74.6683 0

32.5594 74.6682 1

32.5593 74.6683 0

32.5593 74.6682 1

32.5592 74.6683 1

32.5592 74.6682 1

32.5593 74.6684 0

32.5592 74.6684 0

32.5591 74.6684 0

32.5591 74.6683 1

32.559 74.6684 0

32.559 74.6683 1

32.5589 74.6684 1

32.5589 74.6683 1

32.559 74.6685 0

32.5589 74.6685 0

32.5588 74.6685 0

32.5588 74.6684 1

32.5587 74.6685 0

32.5587 74.6684 1

32.5586 74.6685 1

32.5586 74.6684 1

32.5587 74.6686 0

32.5586 74.6686 0

32.5585 74.6686 0

32.5585 74.6685 1

32.5584 74.6686 0

32.5584 74.6685 1

32.5583 74.6686 1

32.5583 74.6685 1

32.5584 74.6687 0

32.5583 74.6687 0

32.5582 74.6687 0

32.5582 74.6686 1

32.5581 74.6687 0

32.5581 74.6686 1

32.558 74.6687 1

32.558 74.6686 1

32.5581 74.6688 0

32.558 74.6688 0

32.5579 74.6688 0

32.5579 74.6687 1

32.5578 74.6688 0

32.5578 74.6687 1

32.5577 74.6688 1

32.5577 74.6687 1

32.5578 74.6689 0

32.5577 74.6689 0

32.5576 74.6689 0

32.5576 74.6688 1

32.5575 74.6689 0

32.5575 74.6688 1

32.5574 74.6689 1

32.5574 74.6688 1

32.5575 74.669 0

32.5574 74.669 0

32.5573 74.669 0

32.5573 74.6689 1

32.5572 74.669 0

32.5572 74.6689 1

32.5571 74.669 1

32.5571 74.6689 1

32.5572 74.6691 0

32.5571 74.6691 0

32.557 74.6691 0

32.557 74.669 1

32.5569 74.6691 0

32.5569 74.669 1

32.5568 74.6691 1

32.5568 74.669 1

32.5569 74.6692 0

32.5568 74.6692 0

32.5567 74.6692 0

32.5567 74.6691 1

32.5566 74.6692 0

32.5566 74.6691 1

32.5565 74.6692 1

32.5565 74.6691 1

32.5566 74.6693 0

32.5565 74.6693 0

32.5564 74.6693 0

32.5564 74.6692 1

32.5563 74.6693 0

32.5563 74.6692 1

32.5562 74.6693 1

32.5562 74.6692 1

32.5563 74.6694 0

32.5562 74.6694 0

32.5561 74.6694 0

32.5561 74.6693 1

32.556 74.6694 0

32.556 74.6693 1

32.5559 74.6694 1

32.5559 74.6693 1

32.556 74.6695 0

32.5559 74.6695 0

32.5558 74.6695 0

32.5558 74.6694 1

32.5557 74.6695 0

32.5557 74.6694 1

32.5556 74.6695 1

32.5556 74.6694 1

32.5557 74.6696 0

32.5556 74.6696 0

32.5555 74.6696 0

32.5555 74.6695 1

32.5554 74.6696 0

32.5554 74.6695 1

32.5553 74.6696 1

32.5553 74.6695 1

32.5554 74.6697 0

32.5553 74.6697 0

32.5552 74.6697 0

32.5552 74.6696 1

32.5551 74.6697 0

32.5551 74.6696 1

32.555 74.6697 1

32.555 74.6696 1

32.5551 74.6698 0

32.555 74.6698 0

32.5549 74.6698 0

32.5549 74.6697 1

32.5548 74.6698 0

32.5548 74.6697 1

32.5547 74.6698 1

32.5547 74.6697 1

32.5548 74.6699 0

32.5547 74.6699 0

32.5546 74.6699 0

32.5546 74.6698 1

32.5545 74.6699 0

32.5545 74.6698 1

32.5544 74.6699 1

32.5544 74.6698 1

32.5545 74.67 0

32.5544 74.67 0

32.5543 74.67 0

32.5543 74.6699 1

32.5542 74.67 0

32.5542 74.6699 1

32.5541 74.67 1

32.5541 74.6699 1

32.5542 74.6701 0

32.5541 74.6701 0

32.554 74.6701 0

32.554 74.67 1

32.5539 74.6701 0

32.5539 74.67 1

32.5538 74.6701 1

32.5538 74.67 1

32.5539 74.6702 0

32.5538 74.6702 0

32.5537 74.6702 0

32.5537 74.6701 1

32.5536 74.6702 0

32.5536 74.6701 1

32.5535 74.6702 1

32.5535 74.6701 1

32.5536 74.6703 0

32.5535 74.6703 0

32.5534 74.6703 0

32.5534 74.6702 1

32.5533 74.6703 0

32.5533 74.6702 1

32.5532 74.6703 1

32.5532 74.6702 1

32.5533 74.6704 0

32.5532 74.6704 0

32.5531 74.6704 0

32.5531 74.6703 1

32.553 74.6704 0

32.553 74.6703 1

